aaa	aab	aac	aad	aae	aaf	aag	aah	aai	aaj	aak	aal	aam	aan	aao	aap	aaq	aar	aas	aat	aau	aav	aaw	aay	aaz	aba	abb	abc	abd	abe	abf	abg	abh	abi	abj	abk	abl	abm	abn	abo	abp	abq	abr	abs	abt	abu	abv	abw	aby	abz	aca	acb
hsa-let-7a-5p	3281	1873	4250	5033	2452	6507	3812	2733	3688	4033	2921	4734	6197	4350	948	4539	3105	7958	6163	4391	2442	4049	4643	3880	4377	4386	6236	4782	2569	7650	3369	4391	4836	4113	5097	3024	6053	3729	3054	4692	2549	3073	2153	2933	4958	3810	2051	13068	925	4317	1156	2381
hsa-let-7a-5p	3280	1873	4251	5034	2452	6506	3813	2732	3689	4033	2924	4737	6196	4350	947	4542	3107	7960	6162	4392	2445	4049	4644	3880	4378	4390	6236	4782	2569	7652	3367	4392	4837	4114	5097	3024	6057	3729	3053	4691	2552	3072	2153	2935	4963	3812	2053	13072	924	4317	1156	2382
hsa-let-7a-5p	3281	1872	4255	5033	2454	6510	3813	2733	3689	4034	2925	4737	6197	4352	948	4540	3105	7968	6164	4394	2444	4052	4647	3882	4380	4388	6238	4781	2569	7652	3368	4395	4839	4115	5099	3025	6054	3731	3053	4691	2550	3072	2155	2935	4960	3813	2052	13073	924	4320	1155	2382
hsa-let-7b-5p	1091	715	1304	1978	359	1690	1372	1260	771	310	825	1942	1519	846	122	1125	695	2058	1654	1039	578	1310	744	691	878	1170	1306	1203	388	1732	645	1846	2032	928	1818	706	1500	648	686	1284	364	568	135	994	834	1052	1378	3069	118	466	133	189
hsa-let-7c-5p	43	24	44	47	26	64	36	38	46	47	39	53	86	40	7	45	26	71	51	37	20	37	26	35	43	33	74	63	34	109	47	72	58	53	74	43	87	53	36	95	56	78	43	56	83	103	50	249	20	91	25	46
hsa-let-7d-5p	338	181	302	248	189	440	272	285	341	380	247	359	603	373	59	426	302	518	638	291	224	353	320	334	421	459	611	371	249	440	290	502	463	410	416	224	518	244	242	315	256	256	233	292	379	236	205	696	74	323	69	163
hsa-let-7e-5p	9	3	17	16	7	13	9	5	12	4	5	15	14	8	4	9	7	21	15	12	11	9	20	7	11	13	15	13	9	15	9	7	16	17	11	6	17	6	10	15	5	5	4	8	8	4	8	31	3	6	2	5
hsa-let-7f-5p	1482	1105	1741	2080	1389	3611	1819	1023	2370	3389	1997	2522	3900	2296	542	2588	1904	6174	4092	2673	1512	2456	4200	2956	2815	3117	5281	2564	1378	3551	1897	1977	2851	2959	2990	1392	4063	2042	2068	1901	1606	1898	1782	1404	2605	2035	809	18127	737	3802	967	2519
hsa-let-7f-5p	1482	1110	1737	2079	1404	3623	1827	1025	2376	3414	1998	2523	3913	2302	543	2591	1920	6196	4103	2685	1513	2464	4210	2978	2828	3138	5318	2569	1380	3562	1909	1978	2858	2969	2998	1395	4084	2053	2072	1904	1606	1901	1792	1407	2617	2048	814	18224	742	3817	968	2538
hsa-let-7g-5p	585	384	651	788	415	1304	641	454	920	1016	652	936	1388	927	96	1091	694	1796	1479	970	463	914	1218	772	866	879	1351	935	495	1306	668	874	966	964	1151	476	1234	730	636	718	536	412	442	525	938	860	372	4740	311	1316	354	749
hsa-let-7i-5p	2120	1904	2460	2874	2409	5053	3341	3033	3814	2063	3352	3081	5282	3394	472	5048	2093	4509	5921	3291	1854	3199	3691	3089	3565	3889	5967	3012	1685	4421	2395	2807	3499	3910	5813	1824	4014	2456	3593	2581	2061	3374	2663	1354	2740	2425	1829	25305	1052	5188	961	1767
hsa-miR-100-5p	750	638	760	805	240	29	948	440	344	9	7	5	822	544	4	362	24	153	9	1064	26	806	449	199	611	149	6	14	7	12	394	395	894	19	2	209	14	702	17	793	446	59	684	630	4409	7	1250	19	9	2147	10	15
hsa-miR-101-5p	3	1	0	1	4	3	5	3	3	1	1	4	2	7	0	6	3	2	7	1	0	7	1	2	3	0	0	2	0	3	2	1	0	6	1	1	3	1	1	1	0	0	0	2	3	6	0	2	0	2	3	1
hsa-miR-103a-2-5p	2	2	0	0	3	3	1	5	3	1	1	2	6	0	2	2	2	1	6	0	5	3	4	3	1	0	1	0	0	1	2	2	3	3	2	0	3	3	2	4	0	0	3	0	12	0	3	0	3	4	4	3
hsa-miR-106a-5p	19	10	18	21	12	18	21	11	11	9	17	20	26	14	0	39	11	17	23	14	5	22	27	9	10	11	17	17	6	17	13	14	12	17	26	3	21	6	11	7	8	3	0	14	8	20	7	87	7	27	2	13
hsa-miR-106b-5p	177	110	107	158	107	144	178	125	162	72	162	168	239	164	6	245	151	175	269	81	77	167	118	118	129	100	125	121	82	168	114	96	126	191	131	36	179	103	45	52	53	22	39	208	115	212	109	521	58	248	116	158
hsa-miR-10a-5p	765	442	1071	1436	1781	970	823	438	1013	1759	1394	1480	1781	680	283	333	1516	584	607	984	789	800	1034	1862	1434	303	1364	1405	758	959	1094	506	937	966	1442	401	649	854	672	1105	724	288	942	1587	2361	2922	1543	1245	608	814	2960	2711
hsa-miR-10b-5p	83	30	37	46	65	33	50	57	26	81	97	43	104	68	33	54	87	90	33	54	61	56	117	57	54	17	51	68	55	44	54	33	41	62	47	21	34	56	34	53	40	41	125	104	156	84	76	205	185	131	138	276
hsa-miR-1254	17	15	12	10	12	11	18	11	31	12	38	21	45	27	4	18	31	26	36	25	14	22	31	23	26	15	34	19	26	12	17	29	21	20	18	5	19	15	11	12	9	9	12	7	15	12	20	12	14	16	19	14
hsa-miR-1254	17	15	12	10	12	11	18	11	31	12	38	21	45	27	4	18	31	26	36	25	14	22	31	23	26	15	34	19	26	12	17	29	21	20	18	5	19	15	11	12	9	9	12	7	15	12	20	12	14	16	19	14
hsa-miR-1255a	2	2	0	0	2	1	0	2	4	2	2	2	3	2	0	0	0	2	0	1	0	4	3	2	2	2	4	0	2	0	0	5	3	1	0	0	4	2	2	0	3	0	5	2	10	0	2	4	0	2	0	1
hsa-miR-1255b-5p	5	2	7	8	8	6	4	7	11	8	11	7	14	12	4	5	7	4	8	3	3	11	5	1	6	4	8	3	9	8	5	7	6	9	11	3	5	4	3	5	4	3	2	5	21	7	8	14	1	8	7	3
hsa-miR-1255b-5p	5	2	7	8	8	6	4	7	11	8	11	7	14	12	4	5	7	4	8	3	3	11	5	1	6	4	8	3	9	8	5	7	6	9	11	3	5	4	3	5	4	3	2	5	21	7	8	14	1	8	7	3
hsa-miR-1256	0	1	0	0	0	1	1	1	1	0	0	2	3	0	0	1	2	0	0	2	0	0	0	2	1	3	1	1	1	2	0	1	1	2	0	1	1	1	1	0	2	0	0	0	3	2	0	0	1	1	2	2
hsa-miR-125a-5p	465	201	583	419	416	445	370	211	436	414	227	331	688	275	69	196	397	133	285	336	236	528	286	391	508	173	198	364	303	433	440	308	355	347	318	196	212	332	240	506	240	60	113	158	159	585	520	226	278	485	336	323
hsa-miR-125b-5p	107	120	148	122	39	22	142	82	74	26	25	33	102	93	5	63	32	34	27	208	32	160	61	67	128	76	17	20	28	23	78	83	182	22	20	33	18	95	27	133	83	6	79	80	382	48	165	29	12	217	10	51
hsa-miR-125b-5p	107	120	148	122	39	22	142	82	74	26	25	33	102	92	5	63	32	35	27	209	32	160	61	67	128	76	17	20	28	23	78	82	183	22	19	33	18	95	27	133	84	6	79	80	381	48	164	29	12	217	10	51
hsa-miR-126-5p	417	232	340	419	270	659	521	285	272	285	191	565	706	514	60	448	140	340	369	332	227	389	682	141	186	92	157	146	100	422	234	157	184	234	349	93	482	267	174	147	109	35	53	92	85	234	91	935	256	630	454	1338
hsa-miR-1260a	126	195	172	111	56	140	159	239	213	154	401	102	347	231	40	238	276	119	442	253	429	444	319	191	237	325	279	305	220	94	202	496	331	241	129	144	166	155	151	164	216	66	28	92	149	251	157	191	173	242	44	219
hsa-miR-1260b	130	195	177	113	64	139	153	235	209	151	394	103	360	233	39	233	289	114	449	255	430	465	326	193	252	335	301	320	218	88	192	502	335	246	127	138	157	154	160	177	220	65	30	87	159	263	147	190	167	250	46	225
hsa-miR-1270	1	1	8	3	2	8	4	3	2	6	0	4	3	6	3	7	8	2	8	3	4	1	5	4	7	7	5	9	3	8	7	6	0	9	11	0	6	2	5	4	2	2	4	2	11	1	3	6	0	1	0	1
hsa-miR-1271-5p	2	1	1	1	2	0	2	1	2	2	0	0	2	2	1	0	0	2	2	0	2	2	2	0	0	1	5	0	0	0	0	0	1	0	0	0	1	0	0	0	0	0	0	0	0	3	2	1	3	1	2	0
hsa-miR-128-1-5p	3	6	5	4	4	4	5	2	4	3	1	0	0	2	1	6	6	6	5	3	1	3	3	1	2	1	6	7	4	6	5	2	4	4	3	1	2	3	3	4	4	4	9	1	8	4	2	10	5	5	7	9
hsa-miR-1284	0	0	0	0	1	0	1	2	0	2	0	0	2	3	2	1	0	2	1	1	3	3	2	2	2	0	2	1	0	0	1	0	1	0	1	0	0	2	0	0	1	0	2	2	5	0	1	0	3	1	2	4
hsa-miR-1285-5p	3	3	7	1	7	3	3	11	11	6	6	10	16	6	4	7	10	3	9	8	4	11	3	13	14	12	8	8	11	9	2	5	6	9	8	5	4	3	4	7	4	2	4	6	7	4	5	1	4	3	2	2
hsa-miR-1287-5p	4	5	2	2	4	4	0	3	1	7	1	5	5	4	0	1	1	2	4	1	1	7	1	5	2	3	6	4	0	17	2	3	3	4	6	1	6	0	3	3	3	2	3	1	3	0	13	8	2	1	0	2
hsa-miR-1292-5p	2	0	3	0	0	0	2	1	2	0	4	0	1	3	0	5	0	0	0	3	3	3	4	2	2	1	5	2	3	1	1	1	2	1	3	0	2	0	3	0	0	0	1	0	3	1	1	1	0	0	3	1
hsa-miR-1296-5p	1	3	4	3	4	1	0	6	2	3	2	2	10	2	0	1	6	7	6	4	6	7	7	7	9	2	2	3	2	1	6	1	8	2	4	4	2	2	1	2	3	0	1	6	2	12	7	0	8	4	3	12
hsa-miR-1304-5p	0	0	1	1	1	3	1	2	1	1	3	0	4	1	0	1	0	1	0	1	1	1	1	0	4	0	3	0	1	1	0	1	2	0	2	0	1	1	1	0	1	0	1	0	0	0	0	1	0	1	0	0
hsa-miR-1306-5p	18	29	32	23	21	42	21	51	31	25	33	21	42	39	12	42	37	14	40	41	37	30	20	33	42	44	20	28	26	26	16	36	41	32	37	28	34	20	22	32	19	10	11	22	15	18	50	13	24	28	3	18
hsa-miR-130b-5p	147	138	163	94	163	180	174	119	237	267	144	236	392	206	47	149	313	213	337	189	304	228	171	292	301	255	288	294	243	215	124	165	237	281	189	175	195	217	162	159	106	39	59	181	223	283	208	72	131	224	100	141
hsa-miR-134-5p	2	1	3	8	5	4	2	1	1	0	1	0	2	1	0	4	0	4	8	4	3	3	7	3	7	5	0	5	3	1	1	1	1	3	2	1	2	4	2	6	0	1	0	0	5	13	2	7	0	0	0	2
hsa-miR-139-5p	2	1	4	6	6	4	2	9	3	1	5	2	4	3	3	2	7	0	1	3	3	3	4	7	6	4	3	5	6	2	4	2	3	3	1	1	1	1	2	2	3	1	5	1	6	1	6	6	6	6	3	19
hsa-miR-140-5p	3	1	1	3	3	5	2	3	2	0	6	1	1	4	0	6	2	5	3	1	3	6	4	3	2	1	2	0	1	2	1	1	1	2	2	1	2	1	1	1	0	0	1	4	0	6	5	12	3	6	5	14
hsa-miR-142-5p	23372	20588	21062	18560	9638	14070	22292	16968	22383	6241	37880	19796	55515	23495	1527	18141	25392	15013	28851	14808	20090	32478	11784	21670	14775	11419	17150	28959	15525	14742	23755	12787	12761	22713	8818	9500	19429	20307	5326	13561	10593	2028	2404	20173	28145	22796	21500	2326	6634	11729	5245	2859
hsa-miR-144-5p	524	178	446	747	239	1137	423	167	795	487	214	1026	753	439	21	542	284	1485	1231	449	226	382	522	567	314	241	281	348	181	628	510	260	524	739	290	86	1324	405	92	246	117	145	53	411	97	262	34	580	93	565	217	667
hsa-miR-145-5p	26	22	25	22	39	26	26	13	21	15	11	36	36	20	7	32	53	15	17	19	23	32	31	28	20	7	25	46	33	14	38	31	28	37	51	9	22	20	15	25	24	8	41	137	319	60	67	322	64	46	40	44
hsa-miR-1468-5p	18	14	31	28	37	48	23	13	34	63	16	40	39	26	24	28	39	43	37	18	36	17	27	43	37	29	27	48	47	36	21	14	26	35	38	25	25	38	49	31	17	20	84	40	91	71	39	34	27	68	49	60
hsa-miR-146a-5p	289	167	246	299	227	341	298	137	189	215	204	301	534	335	53	260	303	267	363	209	177	422	391	196	190	135	275	214	153	398	201	360	222	270	417	97	290	165	222	229	132	76	130	193	390	584	472	1138	227	209	382	624
hsa-miR-146b-5p	110	67	167	196	187	242	180	76	134	416	83	162	303	211	87	165	268	228	343	158	100	155	257	262	193	84	145	255	178	257	185	196	158	267	172	74	238	178	180	155	193	85	302	231	313	647	211	1068	189	338	761	1677
hsa-miR-148a-5p	49	59	70	76	73	71	69	47	86	71	46	51	91	86	27	83	108	73	80	51	74	60	46	75	76	49	56	107	52	57	55	75	69	81	50	20	57	72	72	75	45	43	220	164	664	174	140	256	86	143	248	145
hsa-miR-148b-5p	50	19	34	50	45	47	29	21	73	90	30	40	80	60	7	40	62	51	66	24	38	34	51	59	51	25	40	47	37	52	33	28	61	92	38	16	60	39	32	24	22	10	50	85	60	99	57	61	42	100	110	179
hsa-miR-150-5p	794	1065	1892	1443	383	1278	1260	1695	1711	2947	1226	2852	4526	2230	118	1409	3152	1227	3333	1892	1022	2311	1601	2753	3037	2216	1384	3193	2570	2807	1865	1703	3036	2232	1770	1435	2171	1624	1062	2161	1548	499	685	311	513	2373	373	282	373	408	1441	3349
hsa-miR-151a-5p	5605	2909	3317	3457	3826	5886	4563	2623	3370	3892	4762	3535	5667	4811	783	4911	4147	2676	4636	2971	3965	5717	4145	3660	3788	3498	4879	3717	3404	3403	2813	3826	3353	6080	3779	1579	3563	3360	3130	2547	2944	880	2497	5506	5372	5800	2818	3825	4001	6189	4722	7168
hsa-miR-151b	5605	2908	3317	3457	3826	5886	4561	2622	3369	3892	4761	3535	5667	4811	783	4910	4147	2676	4636	2971	3965	5716	4145	3659	3788	3498	4879	3713	3403	3403	2812	3826	3353	6079	3779	1579	3563	3360	3130	2547	2943	880	2496	5505	5372	5799	2818	3825	4000	6189	4721	7167
hsa-miR-155-5p	17	20	28	29	21	19	24	19	31	43	23	33	58	48	11	30	25	27	41	16	13	30	21	34	30	21	43	25	16	34	15	29	25	19	28	12	31	33	26	26	26	21	16	16	58	32	17	46	8	25	20	38
hsa-miR-15a-5p	520	292	465	492	457	978	453	277	986	857	353	815	1516	734	80	1045	518	923	1104	507	258	447	792	540	605	508	702	553	293	760	513	344	459	718	623	231	754	434	344	297	273	157	325	428	346	458	210	4271	324	1376	286	885
hsa-miR-15b-5p	462	261	420	296	585	576	316	278	387	556	325	454	596	567	116	561	434	397	703	422	416	390	756	455	408	162	422	356	347	332	301	334	287	634	340	178	473	302	312	329	362	83	272	481	382	467	320	1617	306	1003	460	966
hsa-miR-16-5p	14262	7131	11288	12850	12186	27399	14436	6269	14170	15905	10559	14355	24384	15132	2748	21019	8973	9050	19219	12245	8589	13888	25053	12713	12063	7490	14193	10542	6880	14434	10922	10305	12069	16719	13976	4629	19302	11044	8124	8937	6811	1574	3248	10139	10944	17254	7164	99464	7867	33466	8470	34816
hsa-miR-16-5p	14273	7138	11298	12856	12197	27418	14438	6271	14177	15916	10564	14359	24392	15144	2752	21028	8983	9064	19230	12252	8596	13890	25069	12724	12066	7492	14209	10551	6885	14443	10926	10310	12077	16734	13992	4632	19310	11049	8131	8946	6815	1576	3249	10146	10950	17257	7174	99501	7872	33489	8477	34834
hsa-miR-17-5p	150	76	127	154	111	194	148	103	140	52	95	137	152	140	10	240	95	115	192	94	85	134	224	84	117	66	105	111	43	153	85	112	104	156	142	37	164	77	81	90	59	20	39	102	82	215	65	837	55	280	50	131
hsa-miR-181a-5p	20302	13219	21262	19356	9756	24364	32832	13968	12964	5182	9743	18023	20223	19860	3179	26084	12164	23941	28307	21883	8936	22977	13949	7984	13396	17196	11652	15038	10488	19234	12022	23840	29402	14707	32996	13268	19830	15882	22779	22307	9650	16920	12842	19309	30982	25554	23603	109078	6099	13880	8730	8336
hsa-miR-181b-5p	175	128	141	179	99	204	256	120	197	129	141	234	319	310	25	200	239	533	339	203	96	175	208	131	166	214	254	257	121	188	144	269	308	170	389	188	241	226	215	169	116	266	408	214	463	353	188	803	127	191	260	173
hsa-miR-181b-5p	177	128	143	181	99	205	256	121	200	129	141	235	322	312	25	203	240	536	340	204	96	179	210	133	167	216	254	260	123	191	144	270	310	171	390	188	244	228	219	170	116	269	408	216	467	360	189	808	129	192	262	175
hsa-miR-181c-5p	140	74	137	180	80	103	165	80	82	59	88	174	103	98	5	121	142	97	110	69	62	151	53	80	100	65	83	142	61	147	79	76	105	126	262	44	69	85	62	103	49	29	83	181	323	244	109	425	58	174	156	97
hsa-miR-181d-5p	9	3	4	3	3	2	7	3	3	2	5	9	3	6	0	4	5	13	4	5	2	12	4	9	4	5	8	10	7	7	6	8	3	9	13	3	5	3	5	5	1	3	13	5	14	14	5	24	3	9	8	9
hsa-miR-182-5p	42899	33749	52855	59641	55422	23500	44762	40761	38633	134353	68122	43972	82248	82717	22110	27585	52732	72301	71906	46906	44273	55658	110786	68751	101141	18990	77487	50534	34216	65898	40361	41785	38464	52301	43868	44728	68811	55515	21404	65975	64714	22416	56757	68309	130870	54355	20052	394321	53857	79708	122719	109308
hsa-miR-183-5p	549	232	468	919	769	352	699	541	119	472	344	334	359	538	148	320	151	192	386	277	258	469	988	313	405	78	280	210	131	647	231	386	179	224	430	272	497	341	174	462	211	34	56	285	281	420	141	6328	362	674	1071	1378
hsa-miR-185-5p	1169	1029	729	958	755	899	808	1783	948	843	1804	1075	2063	1649	156	1638	2027	1804	2768	976	1146	1685	877	1148	1498	996	1916	959	1169	987	803	2055	1435	2199	1431	520	1321	551	548	597	690	624	627	1197	2335	918	1572	1444	556	999	842	925
hsa-miR-186-5p	19244	11794	12971	15863	20319	17088	15898	12192	12511	19415	13584	13530	33046	18030	5876	13031	15144	6965	13949	10091	14299	16193	15348	14549	13168	6314	11323	12372	14480	13997	12364	11113	11041	16648	12167	5498	13284	11410	9782	10010	8393	1779	9015	25183	45426	26829	22793	22757	22528	29150	32260	40744
hsa-miR-188-5p	1	1	1	1	0	5	4	0	2	1	2	2	1	6	0	3	2	1	1	0	2	0	1	2	2	0	2	3	0	0	2	0	2	4	1	0	1	1	0	1	1	0	0	1	2	2	1	8	0	3	3	1
hsa-miR-18a-5p	26	15	11	15	10	11	13	34	6	7	6	15	15	12	2	27	8	7	21	3	5	14	9	5	10	5	8	6	2	15	6	5	3	11	8	5	12	9	8	3	2	1	2	9	2	13	3	114	2	27	7	9
hsa-miR-18b-5p	2	2	1	0	5	2	3	2	1	0	2	3	1	1	0	3	0	1	1	0	0	0	1	2	1	1	1	0	0	4	0	0	1	5	0	0	0	0	3	1	0	0	0	1	0	5	0	6	1	2	0	0
hsa-miR-1908-5p	4	0	1	1	1	3	3	1	1	4	3	0	1	1	0	1	1	1	1	1	0	1	0	6	0	3	1	1	0	0	1	5	2	0	3	2	0	2	1	2	0	0	0	2	1	3	2	0	1	0	0	0
hsa-miR-190a-5p	9	2	1	11	3	5	5	2	4	1	3	9	11	6	0	2	4	10	15	9	4	9	10	5	5	2	3	2	5	9	4	5	9	11	3	1	15	5	4	0	1	2	0	2	0	6	3	16	1	2	1	3
hsa-miR-190b	3	0	0	1	0	1	3	0	1	1	0	0	2	0	0	3	1	0	5	0	0	2	3	1	1	3	0	0	0	1	1	0	3	1	3	0	0	3	1	1	0	0	0	0	0	1	1	5	0	0	0	2
hsa-miR-191-5p	85875	64824	91432	82484	113968	102024	96280	99668	47486	93889	71396	63096	89562	103173	87118	69185	64717	44893	71732	62755	92997	96413	137585	76845	64459	37019	59044	64936	60872	73882	69638	99034	60144	67622	77326	78868	92687	78091	95770	115946	72283	12764	42478	112511	249371	168490	136237	183651	79061	134574	125851	115862
hsa-miR-192-5p	29481	16457	21795	23395	18337	29439	22037	15421	23767	24725	34552	17247	61427	30261	6234	22952	36122	29025	34895	18441	27689	32804	33839	26520	22745	12514	27163	26248	24886	16718	26411	13666	16819	30183	12575	10008	31166	25575	17927	19924	17980	8636	31996	50594	67551	31691	31087	37073	34291	45946	53236	28025
hsa-miR-193a-5p	14	7	9	8	7	13	7	4	8	4	6	5	7	9	1	10	10	8	15	5	5	12	4	5	3	10	6	4	4	10	7	12	7	9	7	4	12	5	6	6	6	2	3	19	31	8	5	3	0	13	1	0
hsa-miR-194-5p	327	161	219	322	253	375	242	147	290	317	387	269	689	498	34	384	295	164	378	185	264	295	413	269	313	111	324	292	228	210	247	166	213	353	200	74	347	257	128	168	136	17	158	490	182	623	454	463	487	773	772	1173
hsa-miR-194-5p	344	166	227	344	262	391	253	155	300	328	414	281	710	524	38	396	307	184	390	191	276	306	429	285	325	119	345	309	236	219	259	178	227	372	208	80	369	267	136	174	148	19	175	520	189	658	481	487	510	802	815	1230
hsa-miR-196b-5p	3	3	6	8	5	22	10	5	3	10	8	4	6	3	0	11	3	7	12	4	6	5	12	3	6	2	7	5	4	12	6	3	5	11	7	2	8	6	6	12	2	2	0	2	5	7	0	40	1	4	4	8
hsa-miR-1976	3	10	4	4	5	4	6	11	13	8	9	9	13	4	3	10	9	4	4	7	8	4	1	9	11	12	10	5	4	14	3	5	10	4	11	4	0	7	5	4	7	3	2	2	2	4	5	1	4	8	2	2
hsa-miR-199a-5p	41	29	37	31	45	41	32	25	42	24	49	42	65	43	3	21	99	37	50	31	39	60	59	75	41	19	39	60	29	21	36	27	30	40	22	6	39	30	10	36	15	1	23	47	72	77	67	35	85	41	80	114
hsa-miR-199a-5p	41	29	37	31	45	41	32	25	42	24	49	42	65	43	3	21	99	37	50	31	39	60	59	75	41	19	39	60	29	21	36	27	30	40	22	6	39	30	10	36	15	1	23	47	72	77	67	35	85	41	80	114
hsa-miR-199b-5p	13	3	7	8	15	15	8	5	10	16	6	8	16	15	0	11	14	9	16	2	5	8	13	10	6	8	3	9	6	2	8	0	6	16	6	0	5	7	6	7	7	0	24	67	78	51	31	36	37	48	110	75
hsa-miR-204-5p	2	12	5	2	12	3	3	1	1	0	8	10	13	10	0	3	9	30	7	12	16	9	54	7	4	1	9	10	2	0	7	5	6	16	5	1	3	1	1	9	6	1	1	4	4	14	5	43	11	23	11	4
hsa-miR-20a-5p	18	20	39	41	32	67	39	22	43	19	20	37	57	33	3	78	30	45	66	28	26	49	75	31	22	24	28	22	23	32	31	22	25	50	37	11	64	32	17	16	12	8	1	35	29	54	15	387	9	98	8	41
hsa-miR-20b-5p	21	10	25	32	21	32	22	15	22	12	27	19	24	19	4	57	14	19	30	21	9	37	45	14	16	8	12	19	6	20	18	16	24	20	19	8	21	16	19	13	7	3	3	24	14	38	19	171	15	49	11	29
hsa-miR-21-5p	309	131	280	384	336	548	408	147	365	461	178	391	604	410	95	611	334	795	610	279	137	251	540	339	287	165	277	328	198	426	247	235	304	495	396	104	552	294	214	200	161	119	525	556	385	861	205	5359	406	853	1861	2094
hsa-miR-210-5p	6	12	11	6	9	12	8	20	13	6	32	12	20	9	4	14	33	15	31	15	21	26	6	19	27	32	26	23	13	10	12	16	17	17	15	10	14	18	20	20	12	2	4	4	5	15	13	6	7	9	3	12
hsa-miR-211-5p	2	1	2	0	1	1	0	4	1	1	1	0	1	0	0	1	2	3	1	2	4	2	3	3	0	0	0	0	2	3	0	0	2	1	2	2	3	0	1	1	0	0	0	0	2	3	2	3	1	1	0	1
hsa-miR-2110	31	37	22	27	26	31	31	46	43	31	21	32	64	40	7	36	35	19	61	41	18	33	17	29	21	30	23	34	27	24	37	51	35	29	32	37	31	25	17	23	15	25	11	26	26	22	35	23	15	32	15	22
hsa-miR-215-5p	29	22	30	23	21	30	29	20	29	37	46	23	91	32	12	28	47	41	48	24	50	62	66	44	34	17	46	49	46	29	54	24	28	46	19	12	73	42	31	27	21	9	43	65	78	54	71	41	55	104	91	53
hsa-miR-22-5p	17	12	19	7	5	16	15	20	23	14	17	17	34	16	2	22	15	21	29	3	17	24	10	13	20	11	14	8	13	16	12	11	11	25	23	12	14	10	13	11	8	6	5	13	24	11	13	10	10	13	17	26
hsa-miR-221-5p	1	0	0	3	0	0	0	1	3	1	2	1	3	0	0	1	1	2	0	1	1	0	2	2	2	0	1	2	1	1	0	2	0	4	0	0	1	0	3	0	0	0	2	2	3	1	0	5	2	2	1	5
hsa-miR-223-5p	3	1	2	0	2	0	2	5	1	1	0	1	3	0	0	2	0	0	0	1	2	1	2	0	2	0	1	2	0	0	3	1	1	1	1	2	1	0	3	2	0	2	1	3	1	0	2	6	2	0	2	0
hsa-miR-2277-5p	1	1	0	2	1	1	0	0	1	0	2	3	2	6	0	1	5	2	5	2	3	2	3	1	3	2	1	5	4	2	0	0	1	5	1	1	2	0	1	2	0	0	2	4	2	8	5	2	2	3	4	4
hsa-miR-2355-5p	1	0	2	0	2	3	2	0	1	1	0	0	1	4	0	2	5	0	2	0	1	0	2	0	1	0	1	0	1	0	0	0	0	3	0	0	0	1	0	3	0	2	2	3	2	12	3	4	1	1	8	8
hsa-miR-24-2-5p	4	0	1	3	3	2	3	0	3	3	3	3	3	3	0	4	2	3	6	3	2	3	1	2	1	0	2	2	0	1	2	1	1	5	3	0	3	0	0	1	1	0	2	1	7	7	3	4	1	5	3	5
hsa-miR-25-5p	8	5	8	7	2	6	4	6	5	4	11	15	9	5	0	8	11	9	12	5	6	8	6	10	7	9	14	13	5	5	7	7	4	6	5	2	6	8	2	2	3	3	5	9	6	6	5	2	1	3	2	5
hsa-miR-26a-5p	5797	2588	4367	3785	5926	9515	4633	2669	5922	11214	4856	5604	9875	8100	1642	7386	6929	4196	10709	4575	4555	6394	8267	6542	6938	3359	5992	6424	4243	4331	5324	3943	4742	9106	5395	1953	8482	5352	4505	4447	4361	750	4216	7832	8084	15284	10113	19598	10559	12828	12348	38897
hsa-miR-26a-5p	5801	2588	4369	3787	5927	9516	4636	2670	5923	11214	4857	5606	9877	8101	1641	7388	6932	4197	10712	4575	4556	6395	8268	6544	6939	3361	5996	6429	4243	4331	5323	3945	4745	9107	5398	1953	8484	5352	4505	4447	4362	750	4219	7835	8086	15288	10113	19612	10560	12833	12352	38908
hsa-miR-26b-5p	277	161	290	401	297	698	316	242	329	811	241	508	754	368	188	480	309	534	601	345	216	352	496	412	391	237	466	350	177	415	284	341	382	483	524	138	691	282	338	308	196	117	227	367	361	605	197	3574	334	869	456	2063
hsa-miR-27b-5p	0	1	1	0	0	1	0	0	0	0	2	1	1	0	0	1	0	3	1	2	0	0	2	0	1	1	1	0	0	1	1	1	0	1	1	0	0	0	0	1	1	1	0	1	0	1	3	5	0	1	0	2
hsa-miR-28-5p	52	23	42	39	47	73	41	35	60	77	61	55	99	64	4	44	88	32	49	24	31	53	43	44	50	43	70	102	36	35	57	40	45	57	58	26	46	37	47	38	19	9	31	35	108	59	39	91	46	42	68	137
hsa-miR-296-5p	14	39	35	35	21	33	31	68	38	34	47	11	24	42	10	10	11	14	60	22	36	27	21	31	39	11	32	16	20	36	33	34	34	55	24	24	42	22	27	36	19	1	13	14	18	24	37	23	21	25	11	17
hsa-miR-29b-2-5p	3	1	2	2	2	6	1	7	3	2	0	3	10	4	0	7	2	2	4	2	0	1	2	1	2	1	4	2	0	5	5	6	2	2	2	2	1	1	2	1	1	1	3	0	3	1	4	5	1	1	0	1
hsa-miR-29c-5p	21	10	14	20	31	29	23	28	20	25	19	19	53	19	3	15	25	6	22	15	24	20	11	16	21	7	29	16	10	13	16	21	14	21	19	5	20	8	22	16	17	3	26	39	217	38	41	55	37	39	49	49
hsa-miR-3074-5p	17	18	19	20	14	17	15	20	21	45	33	18	43	22	3	12	47	23	46	21	27	32	16	26	36	30	34	44	29	23	17	26	33	37	22	15	26	16	23	21	24	4	14	42	48	18	23	21	37	34	18	29
hsa-miR-30a-5p	41	27	127	34	133	47	28	116	37	45	44	29	76	180	90	138	150	303	195	91	116	144	313	282	179	103	66	61	165	52	49	28	51	57	47	82	64	55	43	295	118	23	290	166	200	1035	556	615	463	610	229	1033
hsa-miR-30b-5p	1497	1104	1426	925	1589	1294	1129	1697	1403	1797	1542	1106	2655	1354	284	1396	1664	1214	1862	922	1502	1356	1153	1872	1249	945	1271	1314	1368	803	1020	791	1340	1711	1045	544	1775	1162	945	1063	914	134	416	2041	3752	2466	2292	1064	966	1878	2186	2859
hsa-miR-30c-5p	4456	4177	4463	2792	4817	3384	3716	7864	4981	6777	5082	4008	8619	5254	1718	4555	4540	3383	5601	3718	7616	5005	4452	5268	5292	4665	5774	3883	4940	3332	3269	4082	5614	6106	4355	3719	4561	3643	4436	4334	3915	473	1639	4091	11302	8712	6867	2850	4010	6877	4741	9201
hsa-miR-30c-5p	4458	4177	4463	2792	4816	3384	3716	7865	4984	6779	5082	4008	8619	5254	1719	4556	4540	3384	5602	3719	7619	5007	4454	5268	5294	4666	5775	3884	4940	3334	3270	4084	5614	6107	4357	3719	4562	3643	4438	4336	3915	475	1639	4090	11304	8713	6867	2850	4010	6878	4742	9201
hsa-miR-30d-5p	17601	10962	17347	16705	19446	24276	15942	11899	17202	20155	24742	14381	36735	20687	5249	19418	20029	17086	24315	15556	14628	18703	22412	22856	21334	11321	22332	20982	16251	14480	15740	11610	17112	20142	14843	8445	21918	17337	15618	19173	14539	3862	10543	28297	28022	48861	35173	27391	20316	36054	25354	36604
hsa-miR-30e-5p	1682	748	1188	1476	1351	1870	1476	732	1703	1283	1462	1619	2663	1847	169	2253	1706	2447	3099	1164	1140	1660	1671	1701	1631	951	1457	1563	1131	1671	1186	752	1623	2946	1458	359	2034	1125	704	718	588	280	985	2560	1530	4371	1538	3058	1403	2948	3630	5707
hsa-miR-31-5p	0	1	1	1	2	1	2	0	0	4	0	1	5	0	0	1	0	2	1	1	1	0	4	2	1	0	1	2	2	3	0	4	1	1	0	0	0	2	0	0	2	0	0	0	0	0	0	0	0	0	0	2
hsa-miR-3127-5p	0	2	0	2	2	2	2	3	1	1	1	3	2	4	2	1	1	4	1	1	3	3	1	0	3	1	0	2	3	3	2	3	1	2	2	3	1	1	2	0	0	2	1	4	2	4	6	2	2	0	0	0
hsa-miR-3128	0	0	1	0	1	0	0	0	1	4	0	0	3	0	0	1	2	2	0	1	0	1	1	3	0	2	1	2	0	0	2	1	0	1	0	1	2	0	1	0	1	0	1	6	6	0	1	1	2	0	3	4
hsa-miR-3130-5p	12	1	4	2	10	11	9	3	11	23	1	0	14	20	0	18	12	10	11	13	12	15	19	14	13	13	2	6	10	12	3	15	18	12	0	3	12	15	4	1	3	0	5	11	6	28	23	6	14	12	8	1
hsa-miR-3130-5p	11	1	3	2	10	11	10	3	9	23	1	0	15	19	0	17	11	10	11	12	12	14	20	14	12	12	2	6	8	12	3	14	19	12	0	3	12	15	5	1	3	0	5	11	6	28	23	6	15	12	8	1
hsa-miR-3133	0	2	0	2	3	3	1	3	3	1	0	1	3	2	0	5	2	0	3	2	2	0	0	0	2	4	2	2	2	7	0	4	2	1	3	0	0	4	0	0	2	2	3	5	9	1	2	0	1	3	4	0
hsa-miR-3143	1	0	1	2	1	0	0	1	1	3	1	2	1	2	0	0	3	1	6	1	2	1	5	2	3	1	2	1	1	0	1	0	0	3	0	0	1	0	1	1	1	0	0	1	1	4	1	3	2	1	0	3
hsa-miR-3150a-5p	0	1	4	0	2	1	4	0	2	3	0	3	5	2	2	3	1	0	0	5	4	3	1	4	3	3	3	3	2	1	2	2	2	2	1	1	3	3	1	0	0	0	0	1	1	2	4	1	2	1	0	2
hsa-miR-3158-5p	1	1	1	0	0	2	0	2	0	0	0	1	1	1	0	1	3	0	1	0	0	2	0	1	3	5	0	2	0	0	1	0	0	0	0	1	2	0	0	1	1	0	0	0	1	2	0	4	0	1	1	1
hsa-miR-3158-5p	1	1	1	0	0	2	0	2	0	0	0	1	0	1	0	1	3	0	1	0	0	2	0	1	3	5	0	2	0	0	1	0	0	0	0	1	1	0	0	1	1	0	0	0	1	2	0	4	0	1	1	1
hsa-miR-3163	3	0	0	2	3	4	4	0	3	3	4	0	5	4	3	1	3	3	11	5	1	6	5	7	7	0	6	1	2	1	3	2	2	3	3	2	5	2	2	3	8	1	6	2	4	0	3	6	1	4	1	4
hsa-miR-3173-5p	7	10	13	5	5	7	7	15	13	18	15	18	30	14	2	8	10	14	19	18	14	16	7	26	17	18	16	6	8	9	10	18	13	14	8	17	12	7	14	0	11	2	6	9	11	12	12	0	7	11	0	5
hsa-miR-32-5p	2	0	0	2	1	6	0	0	2	3	1	3	1	2	0	1	1	4	3	1	0	1	2	0	0	0	1	2	1	2	0	0	0	1	0	0	3	1	0	0	0	0	1	1	0	2	2	5	0	3	5	16
hsa-miR-3200-5p	42	11	12	21	18	34	15	30	39	32	21	37	94	41	9	29	58	16	36	16	33	55	16	20	31	27	39	43	26	19	33	32	41	58	31	21	22	19	19	16	10	9	19	22	44	7	20	26	11	34	3	7
hsa-miR-3202	1	1	2	0	1	0	0	1	2	1	1	0	3	0	0	2	3	1	3	0	1	1	1	1	2	0	0	1	0	0	0	2	2	3	0	0	2	1	1	0	2	1	4	0	1	2	0	0	0	0	0	0
hsa-miR-320b	1174	752	1339	1615	412	1239	1128	1560	997	577	1251	1552	1656	863	270	1004	1322	1815	1088	893	943	1551	649	979	1044	1379	1580	1804	796	1552	915	1990	1488	820	1453	669	1266	779	648	1425	525	1265	669	1225	2464	1380	784	1540	226	450	254	308
hsa-miR-320c	10	1	4	7	0	3	3	4	7	1	5	4	12	6	1	3	8	5	5	2	5	4	5	6	3	5	11	6	2	6	3	9	13	7	7	6	3	2	5	4	5	4	2	4	9	2	3	7	1	1	2	3
hsa-miR-324-5p	115	99	121	122	119	134	112	212	152	173	188	111	224	154	62	169	185	176	218	86	114	136	124	161	147	107	187	171	131	91	130	179	129	138	143	69	154	129	119	143	95	60	342	218	504	171	274	325	223	213	231	200
hsa-miR-330-5p	24	6	21	10	22	14	12	20	20	25	12	17	31	23	4	17	32	15	12	12	15	8	8	21	17	16	27	20	16	15	5	8	22	18	20	7	15	14	10	18	8	7	38	28	74	18	29	35	28	19	49	65
hsa-miR-331-5p	3	1	3	4	7	9	10	5	3	4	2	4	12	7	0	5	1	4	4	3	5	4	1	2	1	1	7	6	1	3	5	3	3	3	4	3	5	1	7	2	3	2	1	2	5	7	6	10	6	5	2	11
hsa-miR-335-5p	21	16	12	18	9	20	18	12	26	54	19	30	48	19	3	3	35	15	34	13	12	30	19	28	24	4	19	18	17	17	19	12	19	25	2	5	13	19	3	14	9	3	6	44	45	40	21	11	19	28	18	22
hsa-miR-339-5p	100	117	87	69	100	64	143	152	142	78	86	97	134	155	17	122	129	133	128	108	146	84	58	129	99	80	60	76	89	38	77	142	152	124	44	44	85	108	49	61	76	7	46	115	302	377	161	41	54	102	107	92
hsa-miR-33b-5p	5	8	2	9	1	3	8	5	5	0	3	10	6	8	0	12	5	13	15	2	8	8	0	4	5	1	7	10	7	0	1	4	7	21	9	3	2	8	0	0	1	1	0	8	3	9	3	5	2	2	1	0
hsa-miR-340-5p	56	26	48	52	51	80	56	25	59	32	36	48	87	54	3	128	73	151	83	41	29	50	55	41	37	37	55	55	32	46	45	28	48	90	43	13	82	30	39	30	21	36	58	122	137	107	38	215	23	72	101	85
hsa-miR-342-5p	20	11	18	12	6	18	8	22	20	12	16	19	30	17	1	20	18	20	32	11	10	19	12	9	30	33	25	15	14	29	21	15	21	21	13	11	19	20	17	16	8	13	2	2	4	15	7	3	1	4	2	15
hsa-miR-345-5p	527	356	426	359	438	471	418	291	674	597	428	541	851	495	132	535	666	826	809	475	570	525	717	507	577	350	549	539	481	327	331	410	718	872	562	226	467	348	305	312	353	133	604	984	865	792	363	1598	420	2038	594	1334
hsa-miR-3605-5p	2	1	4	1	1	2	0	2	2	2	2	4	4	1	1	1	0	0	1	0	2	1	0	1	4	1	3	1	1	0	2	0	2	3	1	0	3	0	2	2	1	0	1	1	5	1	2	3	1	1	0	4
hsa-miR-361-5p	64	51	60	61	99	77	60	44	62	149	63	71	165	98	60	81	79	47	91	63	62	59	83	97	88	35	66	71	69	61	53	47	69	65	54	34	78	66	55	67	54	12	31	106	134	128	107	107	65	106	127	188
hsa-miR-3613-5p	0	0	2	3	0	1	1	0	1	0	0	4	3	2	0	1	0	2	10	0	1	3	5	1	1	0	0	4	0	2	1	2	2	6	0	0	2	2	0	0	1	0	0	1	0	0	2	5	1	1	0	0
hsa-miR-3614-5p	10	3	2	11	11	2	5	1	1	0	4	1	2	8	2	12	4	8	2	1	1	0	2	2	2	3	1	8	1	2	0	3	1	3	4	0	0	1	0	0	1	4	16	13	19	5	8	25	0	13	7	5
hsa-miR-362-5p	31	21	19	25	26	23	52	47	19	31	26	24	26	31	6	40	17	11	26	8	20	35	12	13	16	14	21	14	16	17	15	36	6	33	30	10	28	9	21	29	17	3	7	31	181	26	47	165	27	39	66	32
hsa-miR-3661	2	3	11	1	2	3	5	5	3	1	3	6	8	4	3	2	5	1	2	1	6	3	6	4	8	4	6	5	5	6	4	4	4	5	1	2	2	2	4	1	3	3	2	4	2	5	3	6	6	4	1	2
hsa-miR-3690	1	0	2	1	5	1	1	1	0	1	0	3	7	2	0	1	1	2	0	0	4	1	1	1	0	0	0	0	2	2	0	0	1	1	1	0	0	0	0	1	0	0	1	2	2	4	0	0	1	2	3	1
hsa-miR-3690	1	0	2	1	5	1	1	1	0	1	0	3	7	2	0	1	1	2	0	0	4	1	1	1	0	0	0	0	2	2	0	0	1	1	1	0	0	0	0	1	0	0	1	2	2	4	0	0	1	2	3	1
hsa-miR-3691-5p	1	1	0	2	1	2	0	1	0	1	2	1	1	2	1	4	0	6	0	2	3	1	2	1	0	4	4	3	3	4	3	1	1	1	2	0	2	3	2	0	0	0	2	5	8	2	0	4	0	0	0	1
hsa-miR-371b-5p	1	5	3	1	5	4	3	0	2	0	3	5	2	2	2	3	3	2	3	4	1	2	2	4	4	5	1	3	1	1	3	2	3	4	3	2	3	2	3	3	1	1	1	2	17	2	3	13	3	8	4	9
hsa-miR-374a-5p	8	0	1	6	5	10	7	1	8	2	3	4	9	6	0	7	2	2	9	3	5	5	5	7	3	0	3	1	4	6	3	2	2	2	5	1	13	8	3	0	0	0	1	5	1	11	0	21	4	13	9	20
hsa-miR-374b-5p	11	2	6	12	19	19	5	7	10	44	8	14	14	14	11	22	13	9	19	8	6	15	30	19	19	4	14	15	13	12	11	8	7	29	6	5	19	3	15	8	13	0	15	32	26	22	24	65	29	36	61	148
hsa-miR-378a-5p	43	63	51	51	40	49	38	72	58	65	60	30	97	61	17	51	66	24	62	38	73	50	54	57	50	29	64	45	57	28	54	62	47	31	40	17	47	39	53	50	47	3	20	71	56	76	76	34	52	82	58	48
hsa-miR-378c	136	146	165	291	114	169	199	116	190	87	183	206	240	261	18	254	202	535	268	120	142	173	236	146	247	211	297	212	86	217	129	264	266	220	303	69	189	100	140	178	101	128	219	241	270	348	325	644	94	167	177	135
hsa-miR-378d	4	4	1	4	2	1	4	1	3	0	2	4	8	1	1	2	5	9	6	3	1	1	3	0	0	3	4	5	1	3	3	7	5	2	1	2	5	0	2	0	0	0	3	2	6	9	7	10	1	0	3	2
hsa-miR-378d	4	4	1	4	2	1	4	1	3	0	2	4	8	1	1	3	5	9	6	3	1	1	3	0	1	3	4	5	1	3	3	7	5	2	1	2	6	0	2	0	0	0	3	2	7	9	7	10	1	0	3	2
hsa-miR-378g	4	3	5	8	4	4	5	1	3	1	6	6	11	5	0	3	5	6	10	3	0	4	7	1	5	2	1	4	1	2	2	6	1	6	5	0	4	1	1	2	0	0	4	6	5	2	3	11	2	1	1	2
hsa-miR-378i	108	118	133	253	99	153	162	88	158	71	153	177	182	215	21	219	169	457	227	103	118	142	195	129	217	187	264	184	80	206	109	224	236	181	265	59	154	84	120	160	90	117	188	178	232	287	284	546	76	142	136	113
hsa-miR-3913-5p	4	6	4	8	1	6	8	2	3	4	2	3	8	6	0	6	1	5	7	8	2	4	4	1	1	2	2	7	0	7	6	4	7	3	7	2	7	3	2	5	0	1	4	3	8	8	11	25	0	5	3	4
hsa-miR-3913-5p	4	6	4	8	1	6	8	2	3	4	2	3	8	6	0	6	1	5	7	8	2	4	4	1	1	2	2	7	0	7	6	4	7	3	7	2	7	3	2	5	0	1	4	3	8	8	11	25	0	5	3	4
hsa-miR-3944-5p	1	3	2	1	2	4	5	0	0	3	3	3	4	2	1	0	0	0	1	2	2	1	0	2	2	2	2	2	3	1	4	1	3	1	2	3	5	2	4	5	1	0	0	1	0	1	0	1	1	3	0	2
hsa-miR-422a	1	0	1	0	0	1	0	0	0	0	1	0	1	2	1	5	2	5	2	0	1	5	6	7	2	2	1	0	1	0	0	1	0	3	1	1	0	0	1	2	1	0	0	1	2	1	1	4	1	3	1	0
hsa-miR-423-5p	12272	10839	12151	6732	6101	13159	10599	12810	18374	14235	15727	13115	28976	14154	3204	10826	16795	10220	19393	11875	12372	17008	8914	14928	18743	22551	22216	12268	12881	8372	12850	17934	17376	11223	13635	8912	16451	9600	7921	12418	8222	8607	8315	7850	11519	5436	11531	7075	4501	6114	3405	5471
hsa-miR-424-5p	3	2	1	3	1	4	5	2	4	0	2	3	2	6	0	2	1	3	6	0	1	4	2	1	1	1	2	6	1	2	0	0	1	3	1	1	2	0	1	0	0	0	1	5	2	7	2	8	2	4	1	3
hsa-miR-425-5p	11665	11746	15513	13753	11663	16781	14778	10902	16024	18863	15614	15313	31340	17712	4920	17651	14148	9102	14349	10477	12064	14531	12749	13845	15764	12143	17931	13452	12126	14397	13040	13612	12363	12237	16914	9945	14220	13536	13935	15288	7735	1965	8059	17070	39540	18894	18809	17654	11940	19546	14731	13655
hsa-miR-4286	14	12	13	10	14	10	14	54	8	11	18	13	25	20	2	22	27	10	20	6	18	30	9	16	18	12	25	24	13	11	9	7	9	19	17	7	18	6	6	12	13	1	8	18	30	34	36	33	15	28	17	18
hsa-miR-4301	1	2	1	0	0	0	0	0	3	1	0	0	2	1	1	1	3	0	3	1	0	0	0	0	0	1	2	1	0	0	1	2	2	0	2	2	1	1	1	1	0	0	0	1	0	2	0	0	1	0	1	0
hsa-miR-431-5p	1	2	6	4	2	5	3	1	1	1	0	3	3	1	3	6	2	3	3	3	2	3	2	1	1	7	0	5	1	0	1	2	6	3	4	2	3	6	2	4	0	0	3	0	6	15	1	9	2	2	1	3
hsa-miR-4326	203	105	89	101	207	78	97	202	83	1	200	112	208	0	39	98	1	62	0	173	115	259	82	201	111	70	169	2	114	3	81	0	202	73	109	141	0	84	89	94	88	26	88	101	344	98	138	128	109	221	0	154
hsa-miR-4433a-5p	2	0	3	1	1	1	0	3	0	0	3	1	0	1	1	1	0	0	3	0	0	0	0	0	1	1	2	1	4	2	3	1	4	0	0	3	2	1	0	0	0	0	0	0	1	0	7	0	0	0	0	0
hsa-miR-4433b-5p	21	16	16	15	24	17	17	23	13	46	33	22	63	29	18	46	67	15	53	41	24	58	29	42	35	36	25	49	22	18	19	48	42	10	25	9	18	10	21	20	8	6	10	7	10	13	117	51	39	25	7	43
hsa-miR-4435	36	11	46	23	21	33	31	20	22	67	27	25	105	29	39	47	34	12	58	37	28	43	22	30	60	35	36	28	69	36	29	45	40	26	25	26	51	22	27	54	41	29	29	44	63	25	43	31	38	64	36	19
hsa-miR-4435	36	11	46	23	21	33	31	20	22	67	27	25	105	29	39	47	34	12	58	37	28	43	22	30	60	35	36	28	69	36	29	45	40	26	25	26	51	22	27	54	41	29	29	44	63	25	43	31	38	64	36	19
hsa-miR-4454	32	13	12	11	10	14	12	15	17	7	15	12	15	18	3	9	28	5	14	11	20	27	23	9	12	4	12	15	8	8	16	8	14	21	20	4	12	10	2	6	7	1	4	6	19	16	20	14	4	10	11	9
hsa-miR-4508	6	5	2	7	3	3	5	11	10	0	11	6	1	9	1	2	3	8	18	6	1	16	2	3	4	4	18	1	2	10	7	11	6	6	11	4	5	3	3	1	4	4	0	1	5	8	7	13	0	8	0	0
hsa-miR-450a-5p	1	4	0	1	3	3	2	1	2	1	2	0	0	3	0	5	3	4	1	1	2	4	0	1	2	0	2	0	1	2	1	0	3	4	0	0	1	0	1	1	1	0	0	1	2	2	1	10	0	5	14	8
hsa-miR-450a-5p	1	4	0	1	3	3	2	1	2	1	2	0	0	3	0	5	3	4	1	1	2	4	0	1	2	0	2	0	1	2	1	0	3	4	0	0	1	0	1	1	1	0	0	1	2	2	1	11	0	5	14	8
hsa-miR-4511	6	5	7	11	3	9	9	4	3	16	12	12	19	15	1	10	9	7	17	15	12	12	4	13	16	10	8	7	18	7	4	3	17	28	10	5	13	6	9	8	9	5	5	8	15	18	14	11	14	13	8	9
hsa-miR-451a	236548	128930	169780	185536	112726	200456	144841	137591	233172	184867	391421	194498	532889	232124	15215	260018	325423	159831	298978	118872	157271	286204	165496	186081	165449	98753	235516	225859	160907	124787	204653	112764	129132	237730	84574	42107	203375	149945	72220	114121	95846	25762	76236	447020	523958	444771	401396	259010	186072	270043	232809	315564
hsa-miR-4521	0	0	2	1	1	1	2	0	0	4	1	1	2	2	0	1	1	0	1	0	1	1	1	0	1	1	0	2	1	1	0	2	1	1	0	0	0	1	0	0	0	0	0	4	2	4	1	1	0	3	4	3
hsa-miR-454-5p	162	150	179	170	148	193	125	98	250	303	112	189	429	248	68	127	253	183	284	146	253	210	182	305	261	239	247	235	239	224	190	130	169	278	151	139	223	157	163	149	123	29	133	220	571	214	147	87	132	239	160	240
hsa-miR-4638-3p	0	3	2	2	4	1	3	4	0	4	3	1	2	6	2	7	4	3	4	3	2	0	3	2	2	2	1	2	2	3	2	2	3	3	3	1	4	0	3	4	1	1	4	4	5	3	4	5	3	0	6	6
hsa-miR-4642	2	0	2	1	0	0	0	0	0	0	4	0	0	0	0	0	0	1	0	0	0	3	1	1	1	1	2	1	1	2	0	2	1	0	0	1	1	0	0	0	0	1	0	2	1	0	5	4	2	4	4	2
hsa-miR-4661-5p	1	2	0	0	0	1	2	1	2	6	2	1	3	2	1	1	4	1	1	2	1	2	0	4	2	2	3	1	2	1	3	1	4	1	3	2	2	2	1	3	8	1	5	2	0	1	1	1	0	2	2	2
hsa-miR-4662a-5p	0	0	2	0	3	0	3	0	2	0	1	2	4	4	0	3	0	0	0	3	1	2	0	2	2	1	0	3	2	0	2	1	1	0	1	0	2	3	1	1	0	0	1	2	1	5	1	0	0	2	0	12
hsa-miR-4677-5p	2	1	0	1	1	0	0	1	2	0	1	1	3	1	1	0	0	1	2	1	5	2	2	1	0	0	2	0	0	1	3	0	0	0	0	1	0	0	0	0	1	0	1	1	6	3	0	0	3	0	2	4
hsa-miR-4687-5p	8	3	5	7	4	10	8	16	4	1	6	10	6	8	1	6	9	5	10	3	12	6	5	6	8	1	6	5	4	4	5	5	3	8	2	6	4	6	6	10	2	2	1	4	0	3	8	7	5	6	1	8
hsa-miR-4714-5p	2	1	3	0	1	1	0	0	3	2	4	1	7	1	0	1	0	1	0	0	4	3	2	3	5	1	3	0	2	1	4	1	5	4	4	0	3	1	0	0	2	0	2	1	5	0	1	1	2	1	0	0
hsa-miR-4732-5p	26	19	25	23	7	22	20	44	31	21	29	29	42	20	3	20	22	16	26	34	20	25	14	18	24	26	31	23	15	15	12	37	30	19	24	18	37	15	14	23	14	18	9	13	17	19	16	9	4	10	8	10
hsa-miR-4745-3p	1	3	3	3	2	3	3	3	1	4	4	1	6	2	0	0	1	0	2	1	2	3	0	0	2	0	0	0	2	1	3	1	1	3	2	4	1	6	2	0	1	0	0	0	2	3	0	2	2	5	1	2
hsa-miR-4746-5p	14	12	12	20	21	21	12	4	14	29	14	8	24	18	16	19	18	16	20	7	20	15	30	20	28	10	10	20	13	10	13	9	11	19	19	8	15	15	23	15	23	2	43	17	26	42	34	70	44	43	81	56
hsa-miR-4753-5p	1	0	0	0	0	1	0	0	1	2	3	0	5	2	0	4	3	0	3	2	0	3	0	2	1	1	1	0	1	0	2	1	3	5	0	0	0	1	1	0	2	0	0	0	1	0	2	1	0	0	0	0
hsa-miR-4755-5p	3	6	5	2	5	3	5	6	6	5	5	6	16	4	4	5	4	2	5	6	5	6	2	2	2	4	2	1	4	2	7	3	4	6	2	2	4	3	6	4	2	0	1	1	6	6	5	0	1	6	2	2
hsa-miR-4762-5p	6	4	2	6	1	3	9	3	5	2	10	4	17	2	0	7	11	1	3	1	3	4	8	5	2	4	2	3	2	4	3	4	4	10	4	0	1	4	2	3	5	2	2	9	10	13	7	8	3	2	3	3
hsa-miR-4775	2	0	1	2	0	1	2	0	3	3	2	0	1	0	0	0	2	5	0	0	1	0	1	1	2	1	1	0	1	2	0	0	0	2	0	1	0	1	3	0	1	0	0	0	0	1	0	1	2	4	2	0
hsa-miR-4792	1	3	0	3	0	0	0	0	2	0	7	1	2	3	0	0	3	1	3	0	1	2	1	1	4	0	4	1	1	2	1	0	1	3	2	1	1	0	0	3	0	0	0	2	3	4	3	1	0	0	1	4
hsa-miR-484	17765	21304	16963	17928	14850	16892	18249	21176	25299	21093	22477	15898	40476	11754	5163	15622	20865	8361	19700	13856	19179	23445	14480	19824	23103	14807	18356	22185	14990	16766	20799	12079	17410	17162	17965	13445	15708	15072	12986	16571	12530	3384	4606	14555	8465	16451	14389	13509	11858	16808	8253	14305
hsa-miR-486-5p	6156807	6842355	6439257	6631470	7030942	7031270	7332102	6048799	6669426	6957587	5897578	6481400	12754093	6296837	7266748	6602394	6498313	5839279	6418098	6236694	6108938	5913546	6027763	5937857	6331440	5517428	4358868	5936243	5644449	4912512	5249221	5518072	5564628	5023369	5829900	5482196	5393640	5753196	5731853	6094793	6873472	7151932	6462355	6479210	5905560	5479261	6339898	6113252	6128450	6944028	6122392	5498222
hsa-miR-486-5p	6149418	6826197	6429157	6621324	7019802	7021913	7325668	6035819	6657183	6939408	5885567	6470580	12714969	6282297	7240930	6585562	6483111	5832156	6408059	6218079	6094571	5899036	6013579	5925616	6313834	5500800	4344656	5920704	5627111	4899315	5234954	5508861	5544077	5011737	5810073	5460307	5380451	5738571	5711421	6079068	6857775	7138569	6449695	6467655	5888642	5474553	6332952	6100087	6112931	6932847	6113443	5492351
hsa-miR-491-5p	0	3	2	0	4	0	4	4	3	1	2	0	2	4	2	4	7	0	3	2	1	2	2	1	2	1	1	2	2	1	0	1	3	1	1	1	2	1	2	2	3	0	2	1	6	2	4	4	3	4	1	6
hsa-miR-5009-5p	1	3	0	2	0	1	0	2	0	0	1	1	2	1	1	2	2	2	1	0	1	1	1	5	0	1	1	2	3	1	1	3	0	1	3	0	2	0	2	1	0	0	2	1	1	2	1	3	0	0	1	0
hsa-miR-500a-5p	4	5	9	10	5	9	6	5	5	4	9	6	13	12	2	4	10	6	13	5	10	12	11	9	4	3	4	5	6	4	8	10	5	5	8	2	4	5	2	5	3	0	2	16	16	12	9	18	8	10	8	13
hsa-miR-500b-5p	4	4	8	8	4	7	5	3	4	4	8	6	13	12	2	4	10	5	11	4	9	12	10	7	4	3	4	5	4	4	8	10	2	4	7	2	3	4	2	5	2	0	2	15	13	12	9	17	6	10	8	10
hsa-miR-500a-5p	4	5	9	10	5	9	6	5	5	4	9	6	13	12	2	4	10	6	13	5	10	12	11	9	4	3	4	5	6	4	8	10	5	5	8	2	4	5	2	5	3	0	2	16	16	12	9	18	8	10	8	13
hsa-miR-500b-5p	4	4	8	8	4	7	5	3	4	4	8	6	13	12	2	4	10	5	11	4	9	12	10	7	4	3	4	5	4	4	8	10	2	4	7	2	3	4	2	5	2	0	2	15	13	12	9	17	6	10	8	10
hsa-miR-501-5p	5	3	4	3	5	6	8	22	8	2	16	5	7	5	0	4	3	4	12	1	2	2	2	2	4	2	5	8	2	0	4	9	8	4	5	1	5	3	3	5	3	2	3	9	28	7	10	14	6	3	4	8
hsa-miR-5010-5p	3	0	3	1	0	2	1	2	2	0	2	4	1	3	0	4	3	4	6	6	3	2	1	5	2	4	2	3	5	1	2	6	6	0	2	0	4	0	0	2	1	0	0	1	1	1	0	1	0	0	0	1
hsa-miR-502-5p	3	0	3	3	0	1	2	2	2	4	0	4	3	1	1	3	3	2	3	1	5	1	0	2	3	0	3	5	1	2	4	0	0	1	2	1	2	2	4	1	3	0	0	3	2	5	2	5	7	2	6	4
hsa-miR-503-5p	8	9	4	8	8	13	4	0	7	7	8	14	14	12	1	17	13	14	9	6	5	10	10	3	13	11	15	7	6	1	5	7	6	14	13	3	5	4	9	2	6	3	4	3	1	5	5	4	2	5	2	4
hsa-miR-505-5p	4	1	2	2	2	4	5	2	3	5	0	1	8	5	0	6	1	4	6	3	3	2	0	4	4	6	6	4	4	2	0	7	3	3	4	2	3	2	1	2	2	3	3	1	1	0	5	0	2	1	2	3
hsa-miR-5094	4	3	4	5	7	5	2	6	2	4	4	5	9	3	0	1	4	1	7	2	4	2	3	1	1	1	3	2	0	2	4	5	2	4	2	2	3	5	0	1	3	0	2	5	16	2	11	1	3	4	2	6
hsa-miR-5189-5p	0	2	8	2	0	3	5	0	2	0	4	9	5	2	0	2	1	5	1	2	6	2	9	2	1	6	2	5	0	1	3	7	2	4	5	0	2	2	1	2	1	2	0	0	3	0	0	2	2	0	3	3
hsa-miR-532-5p	486	510	538	785	482	746	582	451	605	469	1029	747	985	794	121	856	951	933	1409	622	662	844	1121	912	847	502	943	946	570	541	544	406	639	841	690	244	742	506	512	481	568	215	689	944	1566	1099	1358	2354	638	1060	987	1238
hsa-miR-542-5p	3	2	0	3	1	3	0	0	2	1	3	2	2	0	0	6	0	0	0	0	0	1	1	0	0	5	2	2	0	1	2	3	0	2	4	0	3	4	3	0	1	0	2	3	3	3	1	6	2	3	4	2
hsa-miR-548ad-5p	1	0	1	2	0	2	0	2	1	0	0	1	0	1	0	1	0	2	4	0	0	0	2	2	0	0	1	0	0	4	0	3	2	1	1	0	1	1	1	0	1	0	0	2	2	0	1	4	0	1	0	1
hsa-miR-548ae-5p	1	0	1	2	0	2	0	2	1	0	0	1	0	1	0	1	0	2	4	0	0	0	2	2	0	0	1	0	0	4	0	3	2	1	1	0	1	1	1	0	1	0	0	2	2	0	1	4	0	1	0	1
hsa-miR-548ad-5p	1	0	1	2	0	2	0	2	1	0	0	1	0	1	0	1	0	1	4	0	0	0	2	2	0	0	0	0	0	3	0	3	2	1	1	0	1	1	1	0	1	0	0	2	2	0	1	3	0	1	0	1
hsa-miR-548ae-5p	1	0	1	2	0	2	0	2	1	0	0	1	0	1	0	1	0	1	4	0	0	0	2	2	0	0	0	0	0	3	0	3	2	1	1	0	1	1	1	0	1	0	0	2	2	0	1	3	0	1	0	1
hsa-miR-548g-5p	3	8	6	7	4	19	4	1	8	9	2	10	17	5	3	9	10	10	7	8	5	4	3	16	4	6	8	6	4	4	7	6	16	7	7	1	9	9	5	7	5	2	5	8	19	12	8	55	2	28	6	16
hsa-miR-548x-5p	3	8	6	7	4	19	4	1	8	9	2	10	17	5	3	9	10	10	7	8	5	4	3	16	4	6	8	6	4	4	7	6	16	7	7	1	9	9	5	7	5	2	5	8	19	12	8	55	2	28	6	16
hsa-miR-548aj-5p	3	8	6	7	4	19	4	1	8	9	2	10	17	5	3	9	10	10	7	8	5	4	3	16	4	6	8	6	4	4	7	6	16	7	7	1	9	9	5	7	5	2	5	8	19	12	8	55	2	28	6	16
hsa-miR-548ar-5p	3	8	6	7	4	19	4	1	8	9	2	10	17	5	3	9	10	10	7	8	5	4	3	16	4	6	8	6	4	4	7	6	16	7	7	1	9	9	5	7	5	2	5	8	19	12	8	55	2	28	6	16
hsa-miR-548aq-3p	0	0	0	1	0	2	0	0	1	1	2	1	4	0	0	3	2	0	1	1	0	0	0	2	0	0	2	1	1	0	2	1	0	1	0	0	0	0	0	2	1	0	0	0	1	2	3	2	2	1	2	3
hsa-miR-548ar-5p	3	5	4	5	3	17	4	1	8	9	2	9	16	4	2	9	9	10	7	8	4	4	3	12	3	6	7	5	4	3	7	5	14	7	7	1	8	7	4	7	3	2	5	7	17	9	8	50	2	26	5	15
hsa-miR-548at-5p	1	0	0	0	2	2	3	1	2	1	4	2	1	0	0	2	1	8	1	0	1	1	1	1	3	0	2	0	0	1	2	2	0	2	3	0	3	1	1	0	1	0	0	1	0	2	1	6	0	1	0	1
hsa-miR-548ad-5p	1	0	1	2	0	2	1	3	1	0	1	1	0	3	0	1	1	1	5	0	0	0	2	2	1	0	1	0	1	4	0	3	3	1	1	0	2	1	1	0	1	0	0	2	2	0	1	3	1	2	0	2
hsa-miR-548ae-5p	1	0	1	2	0	2	1	3	1	0	1	1	0	3	0	1	1	1	5	0	0	0	2	2	1	0	1	0	1	4	0	3	3	1	1	0	2	1	1	0	1	0	0	2	2	0	1	3	1	2	0	2
hsa-miR-548ay-5p	1	0	1	2	0	2	1	3	1	0	1	1	0	3	0	1	1	1	5	0	0	0	2	2	1	0	1	0	1	4	0	3	3	1	1	0	2	1	1	0	1	0	0	2	2	0	1	3	1	2	0	2
hsa-miR-548d-5p	1	0	1	2	0	2	1	3	1	0	1	1	0	4	0	1	1	2	5	0	0	0	3	2	1	0	1	0	1	5	0	4	2	1	1	0	2	1	1	0	1	0	0	2	2	0	1	3	1	2	0	2
hsa-miR-548ad-5p	1	0	1	2	0	2	1	3	1	0	1	1	0	4	0	1	1	2	5	0	0	0	3	2	1	0	1	0	1	5	0	4	2	1	1	0	2	1	1	0	1	0	0	2	2	0	1	3	1	2	0	2
hsa-miR-548ae-5p	1	0	1	2	0	2	1	3	1	0	1	1	0	4	0	1	1	2	5	0	0	0	3	2	1	0	1	0	1	5	0	4	2	1	1	0	2	1	1	0	1	0	0	2	2	0	1	3	1	2	0	2
hsa-miR-548ay-5p	1	0	1	2	0	2	1	3	1	0	1	1	0	4	0	1	1	2	5	0	0	0	3	2	1	0	1	0	1	5	0	4	2	1	1	0	2	1	1	0	1	0	0	2	2	0	1	3	1	2	0	2
hsa-miR-548d-5p	1	0	1	4	0	2	1	3	1	0	1	1	0	4	0	1	1	2	5	1	0	0	4	2	1	0	1	0	1	5	0	4	2	1	2	0	2	1	1	0	1	0	0	2	3	0	1	5	1	3	0	2
hsa-miR-548ad-5p	1	0	1	4	0	2	1	3	1	0	1	1	0	4	0	1	1	2	5	1	0	0	4	2	1	0	1	0	1	5	0	4	2	1	2	0	2	1	1	0	1	0	0	2	3	0	1	5	1	3	0	2
hsa-miR-548ae-5p	1	0	1	4	0	2	1	3	1	0	1	1	0	4	0	1	1	2	5	1	0	0	4	2	1	0	1	0	1	5	0	4	2	1	2	0	2	1	1	0	1	0	0	2	3	0	1	5	1	3	0	2
hsa-miR-548ay-5p	1	0	1	4	0	2	1	3	1	0	1	1	0	4	0	1	1	2	5	1	0	0	4	2	1	0	1	0	1	5	0	4	2	1	2	0	2	1	1	0	1	0	0	2	3	0	1	5	1	3	0	2
hsa-miR-548e-5p	0	0	5	4	0	3	4	2	1	1	2	0	3	1	0	3	2	5	3	4	0	4	2	2	6	2	4	2	1	6	0	3	4	6	2	0	2	1	0	2	0	1	3	1	3	2	6	2	1	3	3	2
hsa-miR-548f-5p	3	8	6	7	4	19	4	1	8	9	2	9	18	5	3	9	10	10	7	8	5	4	3	16	5	6	8	6	4	4	7	6	16	7	7	1	9	9	5	7	5	2	5	8	19	12	8	55	2	27	6	16
hsa-miR-548g-5p	3	8	6	7	4	19	4	1	8	9	2	10	17	5	3	9	10	10	7	8	5	4	3	16	4	6	8	6	4	4	7	6	16	7	7	1	9	9	5	7	5	2	5	8	19	12	8	55	2	28	6	16
hsa-miR-548x-5p	3	8	6	7	4	19	4	1	8	9	2	10	17	5	3	9	10	10	7	8	5	4	3	16	4	6	8	6	4	4	7	6	16	7	7	1	9	9	5	7	5	2	5	8	19	12	8	55	2	28	6	16
hsa-miR-548aj-5p	3	8	6	7	4	19	4	1	8	9	2	10	17	5	3	9	10	10	7	8	5	4	3	16	4	6	8	6	4	4	7	6	16	7	7	1	9	9	5	7	5	2	5	8	19	12	8	55	2	28	6	16
hsa-miR-548ar-5p	3	8	6	7	4	19	4	1	8	9	2	10	17	5	3	9	10	10	7	8	5	4	3	16	4	6	8	6	4	4	7	6	16	7	7	1	9	9	5	7	5	2	5	8	19	12	8	55	2	28	6	16
hsa-miR-548h-5p	3	8	6	7	4	19	4	1	9	9	2	9	18	5	3	9	11	10	7	8	5	4	3	17	4	6	8	6	4	4	7	6	16	7	7	2	9	9	6	7	5	2	5	9	19	12	8	56	2	27	6	16
hsa-miR-548h-5p	3	8	6	7	4	19	4	1	9	9	2	9	18	5	3	9	11	10	7	8	5	4	3	17	4	6	8	6	4	4	7	6	16	7	7	2	9	9	6	7	5	2	5	9	19	12	8	56	2	27	6	16
hsa-miR-548h-5p	3	8	6	7	4	19	4	1	9	9	2	9	18	5	3	9	11	10	7	8	5	4	3	17	4	6	8	6	4	4	7	6	16	7	7	2	9	9	6	7	5	2	5	9	19	12	8	56	2	27	6	16
hsa-miR-548h-5p	3	8	6	7	4	19	4	1	9	9	2	9	18	5	3	9	11	10	7	8	5	4	3	17	4	6	8	6	4	4	7	6	16	7	7	2	9	9	6	7	5	2	5	9	19	12	8	56	2	27	6	16
hsa-miR-548h-5p	3	8	6	7	4	19	4	1	9	9	2	9	18	5	3	9	11	10	7	8	5	4	3	17	4	6	8	6	4	4	7	6	16	7	7	1	9	9	6	7	5	2	5	9	19	12	8	56	2	27	6	16
hsa-miR-548k	4	2	3	5	7	14	5	1	3	6	5	4	7	7	1	7	2	7	20	6	0	3	13	8	4	1	3	4	4	12	3	1	4	4	6	0	9	2	5	1	0	1	0	5	0	7	4	21	1	9	0	6
hsa-miR-548av-5p	4	2	3	5	7	14	5	1	3	6	5	4	7	7	1	7	2	7	20	6	0	3	13	8	4	1	3	4	4	12	3	1	4	4	6	0	9	2	5	1	0	1	0	5	0	7	4	21	1	9	0	6
hsa-miR-548g-5p	3	8	6	7	4	19	4	1	8	9	2	10	17	5	3	9	10	10	7	8	5	4	3	16	4	6	8	6	4	4	7	6	16	7	7	1	9	9	5	7	5	2	5	8	19	12	8	55	2	28	6	16
hsa-miR-548x-5p	3	8	6	7	4	19	4	1	8	9	2	10	17	5	3	9	10	10	7	8	5	4	3	16	4	6	8	6	4	4	7	6	16	7	7	1	9	9	5	7	5	2	5	8	19	12	8	55	2	28	6	16
hsa-miR-548aj-5p	3	8	6	7	4	19	4	1	8	9	2	10	17	5	3	9	10	10	7	8	5	4	3	16	4	6	8	6	4	4	7	6	16	7	7	1	9	9	5	7	5	2	5	8	19	12	8	55	2	28	6	16
hsa-miR-548ar-5p	3	8	6	7	4	19	4	1	8	9	2	10	17	5	3	9	10	10	7	8	5	4	3	16	4	6	8	6	4	4	7	6	16	7	7	1	9	9	5	7	5	2	5	8	19	12	8	55	2	28	6	16
hsa-miR-550a-5p	31	24	33	25	40	34	38	27	26	41	93	30	24	49	10	45	51	50	63	32	57	43	72	60	58	39	74	39	51	25	20	53	34	57	34	14	48	39	22	46	32	7	23	27	33	58	71	27	30	50	20	49
hsa-miR-550a-3-5p	31	24	33	25	40	34	38	27	26	41	93	30	24	49	10	45	51	50	63	32	57	43	72	60	58	39	74	39	51	25	20	53	34	57	33	14	48	39	22	46	32	7	23	27	33	58	71	27	30	50	20	49
hsa-miR-550a-5p	31	24	33	25	40	34	38	27	26	41	93	30	24	49	10	45	51	50	63	32	57	43	72	60	58	39	74	39	51	25	20	53	34	57	34	14	48	39	22	46	32	7	23	27	33	58	71	27	30	50	20	49
hsa-miR-550a-3-5p	31	24	33	25	40	34	38	27	26	41	93	30	24	49	10	45	51	50	63	32	57	43	72	60	58	39	74	39	51	25	20	53	34	57	33	14	48	39	22	46	32	7	23	27	33	58	71	27	30	50	20	49
hsa-miR-550a-3-5p	2	1	5	1	1	2	1	5	7	3	5	2	4	10	1	1	3	1	6	5	1	2	0	4	2	1	6	2	3	1	6	6	1	1	9	2	3	9	2	9	3	2	0	3	5	4	6	5	3	1	5	6
hsa-miR-5581-3p	10	5	5	7	8	10	6	11	0	11	9	2	5	3	3	8	7	1	3	3	3	8	5	8	5	2	2	4	6	2	2	3	5	7	7	4	5	4	9	9	4	1	2	3	9	5	9	3	5	12	6	3
hsa-miR-561-5p	9	1	0	1	1	0	1	1	0	0	7	1	2	1	0	1	8	1	1	0	4	2	0	0	0	0	4	2	0	1	0	2	1	13	2	0	1	0	0	0	0	0	0	6	13	17	8	1	1	1	3	9
hsa-miR-5690	26	14	18	16	22	13	9	18	24	56	17	15	36	23	15	15	16	9	22	16	23	19	24	22	22	10	23	17	34	10	18	13	16	28	18	11	13	23	19	18	25	2	34	42	54	52	25	15	61	50	83	66
hsa-miR-5701	1	0	0	0	2	0	1	1	4	4	2	2	3	0	0	2	3	12	10	0	2	3	0	3	2	8	10	3	2	1	1	1	6	2	2	3	0	0	3	2	2	13	6	6	12	9	2	3	0	1	2	2
hsa-miR-5701	1	0	0	0	2	0	1	1	4	4	2	2	3	0	0	2	3	12	10	0	2	3	0	3	2	8	10	3	2	1	1	1	6	2	2	3	0	0	3	2	2	13	6	6	12	9	2	3	0	1	2	2
hsa-miR-5701	1	0	0	0	2	0	1	1	4	4	2	2	3	0	0	2	3	12	10	0	2	3	0	3	2	8	10	3	2	1	1	1	6	2	2	3	0	0	3	2	2	13	6	6	12	9	2	3	0	1	2	2
hsa-miR-574-5p	2	1	0	3	2	6	7	3	2	1	1	4	4	1	0	2	2	3	3	1	0	2	1	1	2	2	1	0	1	0	0	5	5	3	2	0	6	0	0	3	0	3	0	3	5	1	2	6	0	1	0	1
hsa-miR-576-5p	627	417	500	364	455	460	469	741	841	763	703	539	1891	491	147	449	883	404	671	444	726	757	517	742	618	469	843	523	514	462	550	338	405	708	393	351	507	454	326	407	397	80	217	716	1798	735	530	286	438	620	567	608
hsa-miR-579-5p	1	0	2	3	0	5	0	1	2	0	1	2	1	1	0	3	0	2	6	0	0	3	0	3	5	1	1	1	1	3	1	3	2	1	1	0	0	0	1	1	0	1	1	0	3	2	2	1	0	4	0	1
hsa-miR-581	2	1	0	3	0	0	0	0	1	2	0	1	2	1	1	0	1	3	1	1	3	1	2	0	0	0	1	1	0	1	0	0	2	0	1	0	1	1	0	0	0	1	0	2	1	3	1	2	2	2	1	1
hsa-miR-584-5p	197	205	166	296	360	357	303	303	298	181	273	195	670	367	52	547	325	231	431	317	245	326	291	366	352	264	397	389	199	369	298	242	271	275	251	198	404	230	307	202	111	156	94	137	202	166	196	720	89	323	94	237
hsa-miR-589-5p	241	168	194	255	242	279	229	107	258	262	260	238	438	263	57	285	292	257	372	219	268	253	171	251	254	183	233	265	271	245	182	235	289	472	291	109	272	187	185	174	146	105	275	444	270	534	354	247	302	524	347	581
hsa-miR-610	1	0	1	1	0	2	1	2	1	2	0	2	2	4	1	1	1	4	1	3	2	3	2	2	0	1	1	2	0	3	1	1	2	2	2	0	0	2	2	1	0	1	0	0	0	2	1	2	0	0	0	0
hsa-miR-616-5p	23	20	40	16	20	29	26	14	40	42	32	38	52	39	3	18	31	29	51	42	32	54	24	35	25	48	31	25	32	27	20	40	37	51	39	16	23	14	21	24	18	7	14	52	62	44	31	24	25	27	16	29
hsa-miR-618	8	2	3	5	10	4	6	3	6	0	0	8	8	11	1	12	5	3	2	2	8	2	0	4	5	7	0	5	5	3	2	6	5	5	1	2	1	2	2	3	3	0	1	26	15	15	1	13	7	18	14	7
hsa-miR-625-5p	6	6	8	10	8	2	6	9	8	9	12	9	7	13	1	16	19	10	18	11	12	10	9	18	18	9	16	10	10	5	6	24	15	27	7	4	10	9	10	15	11	5	4	14	12	25	12	11	5	12	35	17
hsa-miR-627-5p	3	3	5	5	4	6	4	4	5	7	13	10	7	11	0	11	7	7	10	2	4	6	4	4	10	11	4	8	2	3	5	3	2	4	4	0	7	5	4	2	1	2	4	6	16	9	23	6	5	7	5	6
hsa-miR-628-5p	2	1	1	3	2	0	2	1	2	3	1	7	4	1	0	0	2	3	2	1	3	3	4	1	1	2	2	0	3	0	3	0	2	7	1	0	0	1	2	2	1	0	2	3	11	4	0	9	2	1	4	4
hsa-miR-629-5p	42	32	47	68	31	54	46	51	51	18	37	81	71	49	4	36	66	125	81	58	21	69	45	64	78	55	67	58	42	77	34	103	70	101	85	26	37	32	24	46	30	61	62	83	34	121	55	91	20	40	8	22
hsa-miR-641	11	10	15	5	7	19	13	10	25	19	27	16	20	23	1	24	19	19	38	14	24	15	18	17	20	12	29	15	17	11	13	24	19	38	9	7	32	26	18	13	14	0	5	18	19	32	25	22	11	23	12	34
hsa-miR-6501-5p	7	2	2	7	3	5	2	1	6	2	9	3	6	6	0	6	1	3	2	2	2	2	2	3	7	1	6	1	4	4	3	4	3	3	1	1	7	1	3	1	1	0	5	5	3	8	2	4	2	1	2	3
hsa-miR-6503-5p	0	0	0	0	1	0	0	3	4	2	1	1	2	1	0	1	1	5	1	1	4	0	0	2	0	2	1	0	1	0	0	1	1	2	1	0	1	0	0	3	0	0	5	2	2	3	0	0	0	0	1	3
hsa-miR-6511b-5p	2	4	1	0	1	2	1	2	1	0	0	0	2	3	1	5	2	2	2	2	1	0	1	1	2	0	1	1	1	0	0	4	4	1	1	3	3	1	3	4	1	1	2	2	2	1	0	1	0	2	0	0
hsa-miR-6511b-5p	2	4	1	0	1	2	1	2	1	0	0	0	2	3	1	5	2	2	2	2	1	0	1	1	2	0	1	1	1	0	0	4	4	1	1	3	3	1	3	4	1	1	2	2	2	1	0	1	0	2	0	0
hsa-miR-6511b-5p	2	4	1	0	1	2	1	2	1	0	0	0	2	3	1	5	2	2	2	2	1	0	1	1	2	0	1	1	1	0	0	4	4	1	1	3	3	1	3	4	1	1	2	2	2	1	0	1	0	2	0	0
hsa-miR-6511b-5p	2	4	1	0	1	2	1	2	1	0	0	0	2	3	1	5	2	2	2	2	1	0	1	1	2	0	1	1	1	0	0	4	4	1	1	3	3	1	3	4	1	1	2	2	2	1	0	1	0	2	0	0
hsa-miR-6511b-5p	2	4	1	0	1	2	1	2	1	0	0	0	2	3	1	5	2	2	2	2	1	0	1	1	2	0	1	1	1	0	0	4	4	1	1	3	3	1	3	4	1	1	2	2	2	1	0	1	0	2	0	0
hsa-miR-6511b-5p	2	4	1	0	1	2	1	2	1	0	0	0	2	3	1	5	2	2	2	2	1	0	1	1	2	0	1	1	1	0	0	4	4	1	1	3	3	1	3	4	1	1	2	2	2	1	0	1	0	2	0	0
hsa-miR-6513-5p	0	0	1	1	1	0	0	1	4	0	1	4	0	1	0	0	3	4	1	1	1	1	1	2	2	1	5	0	0	0	1	2	0	1	1	0	2	0	1	2	1	0	1	2	2	2	4	2	0	0	2	3
hsa-miR-6514-5p	2	2	2	2	3	4	0	1	0	1	1	4	4	3	0	2	0	1	4	4	2	1	4	2	3	3	2	0	2	2	3	1	1	2	1	2	10	1	4	2	3	2	5	3	2	3	1	0	1	3	2	3
hsa-miR-652-5p	1	2	0	2	0	1	1	1	1	0	0	0	2	0	0	2	3	0	3	0	1	4	1	0	0	1	2	0	2	1	2	2	0	3	1	0	2	1	2	0	1	0	0	4	1	2	0	0	0	0	1	0
hsa-miR-659-5p	8	17	19	20	6	18	15	13	26	18	29	11	27	22	6	20	30	8	25	12	19	12	16	21	17	15	18	21	15	12	10	14	13	11	19	12	24	13	18	29	4	4	17	21	92	37	27	34	14	25	46	24
hsa-miR-660-5p	71	55	67	70	80	101	88	54	71	47	89	85	103	78	12	124	106	157	161	63	53	82	83	102	76	54	75	79	71	66	61	37	58	96	65	17	81	50	46	47	38	43	91	145	178	151	100	290	63	141	191	206
hsa-miR-664a-5p	1	0	2	1	0	1	2	1	4	1	2	0	1	1	1	1	0	0	1	4	1	5	2	2	2	1	5	1	1	3	0	0	0	1	1	1	1	2	2	1	2	1	0	0	1	0	4	7	0	2	0	1
hsa-miR-671-5p	3	3	0	1	0	2	2	1	0	0	0	1	1	1	0	0	3	1	1	3	1	1	0	1	1	1	0	3	0	0	1	1	0	0	0	0	1	0	2	1	4	0	0	1	4	3	2	1	1	3	2	1
hsa-miR-6735-5p	3	1	2	1	3	4	2	2	1	0	1	0	2	2	0	1	2	0	3	0	4	3	0	1	3	1	2	2	1	2	2	3	0	0	3	0	0	3	0	2	0	1	2	6	2	1	3	0	1	2	1	0
hsa-miR-6770-3p	0	0	1	0	1	0	0	0	1	1	0	1	1	0	0	1	1	3	0	1	0	0	1	2	4	2	2	2	0	0	0	0	1	0	2	0	1	2	1	1	0	0	1	0	0	1	2	2	3	1	1	6
hsa-miR-6770-3p	0	0	1	0	1	0	0	0	1	1	0	1	1	0	0	1	1	3	0	1	0	0	1	2	4	2	2	2	0	0	0	0	1	0	2	0	1	2	1	1	0	0	1	0	0	1	2	2	3	1	1	6
hsa-miR-6770-3p	0	0	1	0	1	0	0	0	1	1	0	1	1	0	0	1	1	3	0	1	0	0	1	2	4	2	2	2	0	0	0	0	1	0	2	0	1	2	1	1	0	0	1	0	0	1	2	2	3	1	1	6
hsa-miR-6780a-5p	3	1	0	0	1	2	0	1	0	0	0	1	2	0	0	0	3	1	0	1	1	1	1	0	1	1	2	1	0	0	0	1	0	2	0	1	1	3	0	1	1	0	0	0	0	0	1	0	0	1	0	0
hsa-miR-6783-5p	1	3	3	3	0	4	0	3	0	0	3	1	4	1	0	3	1	0	1	1	0	2	4	2	3	0	0	2	0	3	1	1	0	2	2	0	2	3	3	2	1	0	0	1	4	3	0	2	0	1	0	2
hsa-miR-6840-5p	9	3	7	0	19	4	9	0	2	3	4	4	9	0	0	0	3	3	1	3	6	11	2	26	5	2	3	0	4	2	1	3	5	11	3	4	1	20	2	8	2	2	19	13	8	2	1	7	1	6	3	1
hsa-miR-6852-5p	4	2	7	7	5	4	9	4	7	8	4	3	6	8	5	11	14	7	5	4	1	3	8	7	11	8	8	10	9	4	9	7	4	9	9	6	3	7	4	6	6	3	13	6	6	14	6	19	6	6	10	11
hsa-miR-6852-3p	2	3	2	1	2	2	2	1	1	1	0	2	4	1	1	0	1	0	5	0	0	1	0	1	1	0	1	0	0	1	2	1	3	3	1	2	2	1	0	2	1	0	0	1	4	4	2	1	1	2	1	1
hsa-miR-6859-5p	3	2	2	1	2	3	1	1	4	4	4	1	3	1	0	2	3	1	4	3	3	0	1	1	0	5	3	3	1	0	1	3	3	2	3	2	3	1	1	2	1	2	1	6	3	0	2	2	0	2	0	2
hsa-miR-6859-5p	3	2	2	1	2	3	1	1	4	4	4	1	3	1	0	2	3	1	4	3	3	0	1	1	0	5	3	3	1	0	1	3	3	2	3	2	3	1	1	2	1	2	1	6	3	0	2	2	0	2	0	2
hsa-miR-6859-5p	3	2	2	1	2	3	1	1	4	4	4	1	3	1	0	2	3	1	4	3	3	0	1	1	0	5	3	3	1	0	1	3	3	2	3	2	3	1	1	2	1	2	1	6	3	0	2	2	0	2	0	2
hsa-miR-6859-5p	3	2	2	1	2	3	1	1	4	4	4	1	3	1	0	2	3	1	4	3	3	0	1	1	0	5	3	3	1	0	1	3	3	2	3	2	3	1	1	2	1	2	1	6	3	0	2	2	0	2	0	2
hsa-miR-6866-5p	2	0	0	1	2	2	0	0	1	1	4	4	8	1	0	4	5	0	9	2	1	4	1	3	1	0	2	1	1	0	2	1	2	4	1	1	1	0	1	2	0	0	1	0	1	0	2	2	1	2	1	2
hsa-miR-6868-3p	1	8	30	0	9	20	13	4	30	27	0	21	77	1	1	24	16	0	17	5	22	1	0	12	1	26	0	9	0	19	25	0	15	24	25	11	10	16	16	20	9	8	7	18	0	16	4	6	18	0	17	15
hsa-miR-6894-3p	3	3	1	3	2	3	1	7	2	2	1	2	5	4	2	2	3	2	4	4	3	5	0	5	2	1	2	2	2	2	2	2	5	6	5	3	2	3	1	3	1	1	2	0	2	7	2	4	0	1	1	3
hsa-miR-7-5p	9	3	6	4	2	9	7	4	8	4	2	7	12	6	0	6	4	13	9	5	3	18	9	2	2	4	8	2	4	16	3	13	12	16	10	3	13	7	4	1	0	4	3	13	7	8	10	16	1	8	1	1
hsa-miR-7-5p	9	3	6	4	2	9	7	4	8	4	2	7	12	6	0	6	4	13	9	5	3	18	9	2	2	4	8	2	4	16	3	13	12	16	10	3	13	7	4	1	0	4	3	13	7	8	10	16	1	9	1	1
hsa-miR-7-5p	9	3	6	4	2	9	7	4	8	4	2	7	12	6	0	6	4	13	9	5	3	18	9	2	2	4	8	2	4	16	3	13	12	16	10	3	13	7	4	1	0	4	3	13	7	8	10	16	1	8	1	1
hsa-miR-7155-3p	1	0	1	2	3	0	1	2	0	2	4	3	2	3	0	1	0	2	3	0	2	1	2	2	0	2	1	1	3	1	0	4	2	4	0	1	1	3	3	0	3	0	1	0	2	7	0	2	1	3	2	2
hsa-miR-744-5p	153	146	188	107	138	143	123	120	194	148	153	148	221	206	34	207	198	277	281	127	107	139	156	224	197	264	230	219	156	116	144	185	212	155	172	99	184	172	116	164	100	98	290	112	228	185	139	240	127	160	91	189
hsa-miR-7641	4	6	7	5	7	6	5	6	9	9	14	5	10	8	6	15	8	5	11	6	7	10	6	7	10	3	10	10	6	5	7	11	5	10	8	3	3	6	1	10	3	5	6	6	16	9	3	17	8	3	4	11
hsa-miR-7641	4	6	7	5	7	6	5	6	9	9	14	5	10	8	6	15	8	5	11	6	7	10	6	7	10	3	10	10	6	5	7	11	5	10	8	3	3	6	1	10	3	5	6	6	16	9	3	17	8	3	4	11
hsa-miR-769-5p	56	38	48	56	56	41	50	22	44	45	49	44	76	76	14	65	75	119	64	40	31	47	48	66	57	56	63	66	38	58	32	68	48	72	69	19	61	36	42	48	34	21	163	98	459	174	89	264	81	95	276	331
hsa-miR-7704	5	4	3	5	0	0	3	0	2	1	12	2	6	1	0	2	1	3	3	0	3	2	1	0	6	2	4	2	3	2	1	1	4	1	1	0	4	3	1	6	3	1	4	1	1	1	1	3	3	1	0	1
hsa-miR-7855-5p	4	2	3	1	5	3	6	7	7	4	6	3	5	5	0	5	12	9	13	5	3	5	5	13	7	0	6	13	7	5	2	11	5	8	9	3	6	6	3	8	5	3	11	5	6	3	7	5	5	3	5	13
hsa-miR-7976	59	62	49	51	79	54	67	55	65	94	88	44	102	78	31	48	77	49	67	67	73	82	55	84	78	51	72	72	56	62	61	103	88	101	53	28	68	64	48	44	42	20	39	72	102	84	76	46	47	69	48	100
hsa-miR-7977	9	2	11	6	7	8	6	11	12	9	11	9	7	6	2	8	10	4	6	8	10	8	9	7	7	12	3	11	5	6	14	7	11	8	9	3	8	8	6	8	5	1	1	10	9	16	13	2	13	12	4	10
hsa-miR-874-5p	4	4	7	2	3	6	5	1	4	1	2	4	3	7	0	1	3	3	6	3	3	4	5	3	3	1	1	4	4	4	2	3	7	4	3	2	8	4	1	3	3	0	1	4	5	3	4	10	3	4	3	7
hsa-miR-877-5p	9	3	1	7	3	3	3	5	2	1	3	5	10	6	1	4	8	4	5	2	4	6	0	3	3	11	5	0	5	3	4	8	7	3	6	3	9	2	4	3	1	5	2	2	5	3	8	9	2	3	2	1
hsa-miR-92b-5p	1	2	1	1	0	0	2	1	1	0	1	0	1	1	0	1	0	1	1	0	0	2	1	0	1	0	1	3	1	2	1	2	1	1	1	1	1	0	2	1	0	0	1	3	1	2	1	0	0	1	0	0
hsa-miR-93-5p	4636	3874	3958	5876	3084	5536	5706	3131	4865	2258	5112	6737	7385	5967	307	8667	3759	5011	7761	4134	2874	6566	4968	3479	6122	4897	7062	4452	2666	9578	3687	5370	5541	5562	11071	2645	5048	2794	3701	3464	2055	1359	1189	3629	3411	5694	4940	26502	1427	5747	1123	1639
hsa-miR-939-5p	1	2	5	6	1	6	1	2	0	1	2	1	1	1	0	1	2	1	0	0	1	3	4	3	1	1	0	4	0	3	1	1	1	0	2	3	4	2	1	3	0	1	1	0	2	4	0	4	0	1	0	2
hsa-miR-942-5p	293	221	230	180	266	221	239	237	321	343	280	269	580	250	46	178	286	287	353	183	322	288	201	332	272	365	377	230	227	266	211	223	295	345	156	260	232	199	169	157	151	32	79	149	179	464	171	59	127	164	74	189
hsa-miR-96-5p	44	10	14	23	23	14	29	20	13	20	12	15	20	25	1	11	14	11	17	11	14	14	28	4	14	3	8	4	3	17	4	19	6	11	4	2	14	8	4	5	6	1	3	9	4	9	2	119	5	26	17	22
hsa-miR-98-5p	52	23	71	102	59	170	54	38	68	97	50	66	108	87	31	74	51	123	78	96	43	72	141	93	58	78	120	66	53	108	59	71	84	98	96	49	130	84	45	64	34	44	47	35	150	60	31	467	25	136	42	108
hsa-miR-99a-5p	18	12	43	28	17	29	36	15	29	17	15	18	61	16	17	41	22	5	30	18	18	17	20	21	17	9	4	24	25	20	22	21	14	13	21	4	28	23	21	43	17	1	5	63	48	57	68	73	16	47	39	94
hsa-miR-99b-5p	187	82	251	201	208	202	210	109	117	177	131	90	221	157	38	94	120	39	99	89	78	167	128	146	159	33	80	96	75	118	142	101	93	90	92	47	103	128	102	178	64	16	50	89	88	231	271	210	160	202	203	161
