Dim.1	Dim.2	Dim.3	Dim.4	Dim.5	Dim.6	Dim.7	Dim.8	Dim.9	Dim.10
V1	0.775213612335783	0.329197387480881	-0.437159986397266	0.000667286805267315	-0.0709950653275807	-0.101634519364169	-0.0796486549994691	-0.103279386835989	0.0424935764459929	0.0635175399326048
V2	0.77641975271841	0.327873339255274	-0.436502422011637	0.000974445120581898	-0.0692046814462074	-0.0973302225144422	-0.0782931325302485	-0.105758332447949	0.0427563011075721	0.0628414328103371
V3	0.775213612335783	0.329197387480881	-0.437159986397265	0.000667286805268061	-0.0709950653275808	-0.101634519364168	-0.0796486549994701	-0.10327938683599	0.0424935764459921	0.0635175399326052
V4	0.723670226587459	0.405791750757726	-0.347946867294585	-0.118127351220161	-0.0306662492983156	0.0261883962441254	-0.263132242034645	-0.0186265762188577	0.058408485452159	-0.0937980929003165
V5	0.610133502004025	0.12632682971592	-0.470536844757646	0.0388063414203991	-0.018147620146568	0.137097560855198	-0.117402217532279	-0.131331817265512	0.15401141601247	0.0713714648516879
V6	0.771285703990348	0.481013552254887	-0.245724834062146	0.0927457980535745	-0.163372848812446	-0.0211286813258738	0.0252504601428118	-0.0481144660898247	0.0213075967366058	0.0790073518090562
V7	0.673913035684575	0.323233750232004	-0.372278050193442	-0.0537863230796886	-0.149557870774664	-0.1666647415838	-0.106837745074306	-0.0585837621843613	0.0201383327654941	-0.00503586522524037
V8	0.763338320294557	0.143993201008686	-0.400274540272661	0.145930831916306	-0.227775899999966	-0.253637080316775	0.0690006163664443	-0.0661695961488456	0.0552322760605988	0.0689270898537187
V9	0.76542067087843	0.140350221608298	-0.401116688280869	0.147282015169141	-0.225439493588104	-0.254630356504119	0.0623212996873434	-0.0654307963017734	0.0512738149714685	0.0716484807450139
V10	0.845065175785487	0.154579572652684	-0.366694382219175	0.0594102932294328	-0.14542256735187	-0.192549929345856	-0.00838897599061903	-0.0261579960988571	0.0132765074407287	0.0349748924581718
V11	0.747341372227613	0.317049058323605	-0.373040949376292	-0.012384311263934	-0.107990177711352	-0.120205444812367	-0.0446303215136918	0.066215596879504	0.194539325210074	0.134725907681124
V12	0.114117334230083	0.100749353185188	-0.00720220094835353	-0.0308618720494952	0.442178281065257	0.257616785644105	0.0549553974376489	0.0172758528135432	-0.185739075695468	-0.322690137597944
V13	0.552946644979682	-0.0107229767674109	0.129986013924357	-0.290072335994155	0.0935187972270758	0.0077972637733273	-0.177080277126579	0.212247086600265	-0.217442442052088	0.292600712188387
V14	0.36864798369327	-0.0147393133860339	0.284372126460724	0.0242406103919384	0.258806156133365	0.13986461183941	0.270030673744678	-0.0848528112813226	-0.0210702236587555	0.0973342212694335
V15	0.809247371349707	0.0550654944545747	-0.236623326580576	-0.220663488440423	0.0462727443536446	-0.203660980994858	-0.188365286440408	0.16453811384023	0.0734612159841427	0.00384593271253079
V16	0.869330544117063	-0.051478473468117	-0.0582483819401632	-0.177248143781854	0.00873149463775205	-0.0800557791258654	-0.211238590868616	0.120297816993246	-0.0722824953858285	0.0374523808855636
V17	0.427569758668221	-0.448355063555125	0.279382146333852	0.125717022764555	-0.0281848571570957	-0.0619342986152129	-0.118786627508578	-0.308825847901821	0.224553875060041	-0.00909148060215161
V18	0.27898645438466	-0.626469373426178	0.180025213105257	-0.181375518963823	-0.239241925789112	0.130751108920831	0.0212358092957272	-0.0348568122528957	0.104451677905877	0.0981092687311584
V19	0.628119003840002	0.383659228451806	0.252782799771637	0.0840703454013609	-0.310388162975522	-0.183953121441915	0.0434359846185205	0.0809030382834903	-0.0637095458535768	-0.153028635998891
V20	0.628119003840003	0.383659228451804	0.252782799771637	0.0840703454013613	-0.310388162975521	-0.183953121441913	0.0434359846185199	0.0809030382834898	-0.0637095458535767	-0.153028635998891
V21	0.27219901641217	0.137452725705128	-0.0311086054957086	0.17944242446533	-0.0676872939727077	0.282636684815681	0.22651378726154	-0.161998265874174	0.0489781854296322	-0.124627371689591
V22	0.621528424133852	0.140692604572985	0.0733083010059653	-0.17505236098696	0.0554690096607999	0.151968582284359	-0.189268124957597	-0.208514538141385	0.199781990653098	-0.0133842110679609
V23	0.621528424133851	0.140692604572985	0.0733083010059656	-0.17505236098696	0.0554690096607999	0.15196858228436	-0.189268124957598	-0.208514538141384	0.199781990653098	-0.0133842110679613
V24	0.280775515746124	0.096602148139769	0.134412733599657	0.346607616507123	0.121066396356197	-0.0145660250536316	0.0795429054194129	-0.247593175098681	0.0810518677854376	0.214106485011022
V25	0.457746596745247	0.136733332095078	0.235944905441742	-0.115439136433094	0.380635118488022	-0.375724745761288	-0.129686258567264	-0.140959028511169	0.00860115635507562	-0.0248056392379258
V26	0.247533939659607	0.14373125582199	0.0733902918620144	0.048174894356257	0.436301202888927	0.225348727281644	0.0428913077151714	-0.0114224969090027	-0.135526370049803	-0.367196345783486
V27	0.248360387397319	0.144442746066125	0.0763669662144931	0.0463832515878138	0.436200853389688	0.225063001239002	0.0442118353925127	-0.01126331546386	-0.139584447028999	-0.363491419377039
V28	0.651084250700556	-0.196806134283356	-0.121396728785313	-0.290688806618573	0.220528867454243	-0.444013599907373	-0.027351658355898	0.0428284417883628	0.0250386005249084	0.0939822278605807
V29	0.464136100862649	0.493520226792308	0.343772721265495	0.0472419746877996	-0.0848613049402745	-0.145097394205616	0.15632588663954	0.264454537658784	-0.0797121396870918	-0.219907628110322
V30	0.466238273634099	0.484558296775791	0.348238134369622	0.0710871721488993	-0.0818240824825831	-0.147763957944605	0.147153864988713	0.269105483291488	-0.0650701011502957	-0.230547383096527
V31	0.481800416373646	0.238946900822482	-0.179149377940366	0.0541095019529399	-0.0463077433171615	0.0175145891860767	0.0432364849821367	-0.085014692987382	0.225181201311497	0.11916858085251
V32	0.166609159211281	-0.015195331461273	0.239072819368965	-0.207712028324672	-0.158609156073915	-0.0755134757849778	-0.181158632277206	0.0676518514939267	-0.240702371046777	0.069684554229574
V33	0.259274779397676	-0.224076738675081	-0.350875502513354	-0.0458010606416348	-0.179151528514632	0.173036500990293	0.0235111534459857	0.127624322748428	0.103438170116734	0.165421414870206
V34	-0.0328730952933966	-0.237070330717667	0.280983245164043	0.0130669580918062	-0.171789815058875	0.137284247148925	0.27830439724988	-0.137175672555961	-0.0141800149218385	-0.0217489978065473
V35	0.305482187987068	0.596135466554424	0.384343184782353	0.200958272046262	-0.0540364359331111	-0.0397956061118153	0.0838026093565903	-0.165152070479736	0.128604612823972	0.147363688266859
V36	0.421039648923795	0.227590379730014	-0.150595015626682	-0.0142518469940722	-0.0528934157711804	-0.0334865503619263	-0.0710930460886418	-0.201443332030904	0.284724343647551	-0.00293656846746139
V37	0.268804360631448	0.216767759370816	0.170606475977172	-0.0350821867534305	-0.161217838138512	-0.0666175729377666	0.121291107629975	0.150810361883293	0.280548527807508	0.0449355147162811
V38	0.214720856308214	-0.0668432639286019	0.474364770883449	0.101840093500812	-0.161653373009978	-0.163317431553794	0.0742313608398781	-0.0754995087427001	-0.123078888364795	-0.0977065485604092
V39	0.398843647769113	0.358311904364461	-0.0696997997093116	-0.104283687894364	0.0165430328547537	-0.196523632149797	0.198096735107893	-0.11028267044521	0.199149866075541	0.0907551081103263
V40	0.513329087462731	0.602837496688295	0.190315824617341	0.0226750885522973	0.176336583054956	-0.0793281691260128	0.168131393059478	0.148777649793412	0.063636282229178	-0.0524976955497405
V41	0.640176120918366	0.357554288901982	0.325558952560795	0.282883670030013	-0.131768290014968	-0.190910288359668	0.0268444025680985	-0.129555092176299	-0.171844198966186	0.151695983852122
V42	0.357467369249084	0.0316527891073412	-0.135377849188571	-0.111687668298769	-0.0305483905269612	-0.147558766451312	-0.140511495466835	0.218896154961341	-0.00186637686847251	-0.0580115212984775
V43	0.141523504413046	-0.154807895902439	0.318851037354927	-0.0545695538277907	0.0621491748935823	-0.0605614272926285	0.240127471723957	-0.0580008044103896	0.472509214984115	-0.196430436272525
V44	0.520729745660714	-0.339914579641917	0.0631358953383913	-0.378766941711673	-0.156265565180879	-0.11652031017784	0.00192043641289994	0.332761116958026	0.0261316652088458	-0.00143127701456219
V45	0.564701150546138	0.334281767807215	0.503050926873985	-0.0893099089189231	0.0900039468552417	-0.0163524048465325	-0.318383362357529	-0.0150688698252179	-0.133257689687694	-0.143421090213237
V46	0.753550537563393	0.0535462261453314	-0.195243421154631	-0.0376009030608629	-0.00639422926832087	-0.340937029488603	-0.0463643148368561	-0.0741169513755561	-0.280425153765615	0.019018886765054
V47	0.366329685424713	-0.528248280374779	0.0878867012021045	0.0899716176977455	0.100617173009874	0.302834517887564	-0.197206192164374	0.0370757734660938	0.0650869693975048	-0.12131924250251
V48	0.366961924243342	-0.324919092732894	-0.0532375006826903	0.313616819705832	-0.0582041228598611	0.0979704764523096	0.120585635319343	-0.329761500803886	0.0400854753247451	0.412890614169167
V49	0.804820952316524	-0.21630720374489	-0.0635380082206866	-0.19848171067989	-0.0163103677142176	-0.0864511823751264	-0.155753395144747	0.0333129385831057	0.119192777675743	-0.0346480647121908
V50	0.542961290872669	-0.608125790773033	-0.133851640133775	0.0246766433334172	-0.149076778991241	-0.0609771552122057	0.14671407823926	-0.125685766931914	-0.0775187780617503	0.218371638320697
V51	0.473135683137799	-0.567685234727002	0.00240003945979601	0.143400241600609	-0.0110177398978803	0.44291620795381	-0.0198950414343159	0.0574842856785234	0.00242172264566195	0.120098372421312
V52	0.701985485346541	-0.435120600680607	0.200655616446883	0.0752441726668125	-0.102970730289231	-0.0385174851427044	0.0950403256692645	-0.164810920641294	-0.201732728783833	0.224482942230951
V53	0.488307247577646	0.360355508236112	0.193671349859652	0.188551559368391	-0.0796726110443608	-0.288491368313269	0.0711355736542432	-0.222666929302411	-0.0355876389309567	0.103504658477516
V54	0.795983526905088	-0.0249456426195829	0.302126687549167	-0.105498058107259	0.0878063223529638	-0.0942283256645399	-0.00974706084278155	0.0456536190146761	-0.032146734169009	0.125952978607862
V55	0.795983526905088	-0.0249456426195829	0.302126687549167	-0.105498058107259	0.0878063223529638	-0.0942283256645399	-0.00974706084278155	0.0456536190146761	-0.032146734169009	0.125952978607862
V56	0.746185264822405	0.171586919788999	-0.0888630397710823	0.117287938394888	-0.0239301341146714	0.00650018675224187	0.0499509548093807	-0.243189094036162	0.18656760864887	0.0814999387927187
V57	0.838586919624471	-0.0453109180822693	-0.212445442606589	0.0611796489294468	-0.0196909275469854	-0.31389097605519	-0.0178200698603694	0.0113676456962508	-0.0239202957747167	0.160497805588321
V58	0.784021224278233	-0.289344181912185	-0.0058097738918804	-0.131635568812471	0.0620873587688825	-0.241916980998109	0.200101871746209	0.131349889915921	-0.0416793925195977	0.120296816525849
V59	0.824997750835556	-0.190961508361756	-0.170998199275518	-0.0925255828978514	0.154395230754695	-0.374606969915934	0.0859085050046053	0.056775554766102	0.0173790130966472	0.0133478486292133
V60	0.823693146152735	-0.189529370328497	-0.171709444491335	-0.0928578163445534	0.152458687356154	-0.37926265171491	0.0844423233009764	0.0594568712201428	0.0170948406829499	0.0140791503338111
V61	0.837396834090334	-0.0436116615014598	-0.202406261302455	-0.274239079819981	0.117846921635438	-0.19322271584423	-0.0590738488447191	0.217172336028779	-0.00134348759308399	0.0608784895199744
V62	0.650876376270319	0.259436579339065	-0.448739700863979	-0.10706653029029	0.115417514173307	0.224296865864061	-0.225072206497796	0.176138713144008	0.0437234000976346	0.0364667726731536
V63	0.631925652379516	0.102361852384143	-0.4005746468073	0.135966601167454	-0.215690752910496	0.347348425237965	-0.136684379451136	0.0358387316890219	0.00442557337099658	0.137046168833433
V64	0.629837430209263	0.106313254667476	-0.402475866084414	0.137018248480679	-0.220897038780954	0.348725887925169	-0.135723909520908	0.036362806565142	0.00707164545348866	0.139024572469516
V65	0.744349085155961	-0.161140163501857	-0.0935061761683695	-0.114033368240232	0.104943821892203	0.219038004947944	-0.363924572410249	0.0197876490271243	0.15595680946301	0.0258965890877688
V66	0.510251767567173	-0.14675414455211	-0.193670650799844	0.00472170393399932	-0.346463177320878	0.231852156187387	-0.235067950484535	0.0649164919605911	0.143258307343492	0.0487341757562769
V67	0.465462359442012	-0.280918893631604	0.00561725096750604	-0.184355242167364	-0.243063678058378	-0.0333244324376982	0.196181944107207	-0.199474384698029	0.111958117178246	0.0158472930427569
V68	0.462271465187392	-0.250998433349965	-0.0969514680997889	-0.577697861983502	0.188720374031093	-0.245147530207521	0.0703403701190051	0.0545152561239939	0.1865690550528	0.0185674896732634
V69	0.78887659754518	0.359811129156037	0.224822023644942	-0.0435810573780981	-0.189675494464602	0.2174592945414	-0.0322954077375505	0.0626786714147435	-0.0309673261789227	-0.0695558155778298
V70	0.587897426310672	-0.520334617813713	0.353016618533349	-0.243243878658459	0.290108634363806	0.108272773549119	-0.0645745920666252	-0.173348925561087	0.0439626829999752	0.100107112368539
V71	0.515742551216122	-0.260288321134379	-0.00337425413937136	0.106670716090166	0.0755306076082711	-0.141780142695742	-0.153977106063964	0.272597734141515	-0.0232593687474425	-0.0820007602536389
V72	0.705887024940222	0.0362859570321371	-0.0834009150846668	-0.326587557191301	0.254241470093418	-0.174901549824957	-0.147965949480365	0.213470927864308	0.058743903224301	0.206598712552053
V73	0.440351180503357	0.0277820332066307	-0.0993250309745885	-0.214850908100679	0.0660817857137838	-0.139059478378506	-0.104845843211598	0.0881362595171526	0.0167023014960038	0.381909933727722
V74	0.23693974267318	0.309145878941139	0.0620082126268831	0.0860368613857056	0.120206027280386	0.131153736581953	-0.0124489952787118	0.0461855016665986	0.0697730071943914	-0.125479879479245
V75	0.694453511754346	0.197890560426004	-0.154004267693605	-0.222269677456287	-0.121481818640207	-0.300916997919674	-0.0800656163900189	-0.0202292344418675	-0.301327431694946	-0.00992989523763597
V76	0.450862291620573	0.0122649910358806	-0.143602244199933	-0.0203584095534615	0.0695919429400506	-0.214002801683082	-0.110570864886912	0.130086094166832	0.0472628301711045	0.050075935179422
V77	0.444472059999273	-0.196670418869053	0.016483685345866	-0.44840144319209	0.408452984407547	0.194335993431776	0.150269280483041	0.0376439780413023	0.165870872063989	0.033753235998773
V78	0.613618614391724	-0.345821508187335	0.317033327851656	-0.045332683075455	-0.0396515111640557	0.148350772161765	0.00638636098813832	-0.0355717158007255	-0.155815753275374	0.0448761461511722
V79	0.644872124987041	0.281436853297377	0.0235735623031446	-0.0300845025890837	0.235417896048476	0.327795493303019	-0.092676620040744	-0.0404067513043749	-0.222893162719136	-0.00309382004777544
V80	0.589664791844815	-0.499477437521077	0.323724604702453	-0.18751836947996	0.0597820071845155	-0.268351674583422	0.00775337243022549	0.0799802660393476	-0.0869646528794009	0.0406363886505157
V81	0.592247107390657	-0.5053447335901	0.314171413088514	-0.186222260352476	0.0308870877523793	-0.26423911229531	-0.00688083079059297	0.0705789173168855	-0.0874823667727011	0.0368609849948087
V82	0.663800160873747	0.0130042468807319	-0.236881310877845	-0.227281426305879	0.0257975323670726	-0.313221243907533	-0.0279293831665813	0.0986644787124053	0.132060382535202	0.148112227532107
V83	0.290865833259919	0.567324301957888	0.143411515177057	0.160647603137285	0.0909521728160293	-0.126503221448156	-0.0188298569413982	-0.185258980627867	0.162233565224689	0.122871317114197
V84	0.487889548260796	-0.366358317763162	0.579345108594439	-0.00571936451448259	-0.126832769429539	-0.0484965093072853	-0.0553284237134496	0.0138218918378201	-0.0470712275490735	-0.203966902315559
V85	0.487889548260796	-0.366358317763162	0.579345108594439	-0.00571936451448259	-0.126832769429539	-0.0484965093072853	-0.0553284237134496	0.0138218918378201	-0.0470712275490735	-0.203966902315559
V86	0.286919241773783	-0.777036409210874	0.217763123400415	0.0183923087227189	0.0038011643553595	0.231149158604473	-0.0659902154191392	0.0154846180170913	-0.028489161451832	0.108066308884499
V87	0.344331130644093	-0.220618582250866	0.113508191186111	0.0458436111408089	-0.181233971375115	-0.186181710849775	-0.123760096585557	0.35123722646929	-0.202021872644099	-0.253701013346619
V88	0.814770067996499	-0.097111358608731	-0.221558437681454	-0.0947876807774099	0.111277915726094	-0.263165571455018	-0.0729991036476805	0.135014999901646	-0.0924279115889346	0.0193166342805803
V89	0.731245212508521	-0.148774773386191	-0.179356116430739	-0.348392640911518	0.125564019253169	-0.224642873651024	-0.0724245369930887	0.221791980737508	0.0277097028583328	-0.0520023718605713
V90	0.679285843432195	-0.56717465208763	-0.191376693170673	-0.0643264578367805	-0.104703486425697	-0.0746174022384743	-0.0017563815084649	0.0298133163167058	-0.0898243792566076	0.233284602501789
V91	0.480843540226072	0.541675615689389	0.31259835795031	0.236409230663742	-0.188912389076454	-0.207193614278813	0.0764807758369615	0.186106732544386	0.144302785515003	-0.0509353982964509
V92	0.377733826168502	0.122928540226794	0.0886768662039413	-0.193955466612803	-0.00500969526119518	0.0236381068419499	0.137953124033479	0.0434430757988012	-0.0255480079658956	0.1354703213585
V93	0.537402182940353	0.575436809096189	0.0846146830682914	0.0156479343260607	0.239131303687109	0.0592049930370846	-0.113376791316948	0.0624864774518581	-0.0937433819857392	-0.0139403059407553
V94	0.504285520932552	-0.350089289766586	0.374053285643072	0.00635123531638996	-0.137130268105612	0.00287850307919735	0.135200728487929	-0.0687483590084118	-0.156752079244183	-0.0284747536041316
V95	0.701688337770786	0.244287801146101	0.289072567816576	-0.0492241434562067	0.00940458886544659	0.0343803678914725	-0.0376291908489593	-0.0690848636104758	0.0638080993845334	0.250571325348533
V96	0.41309830927807	-0.277054446767442	0.0679136883281371	0.00190936165621395	-0.246604581599277	0.0735579036482952	0.129266272891127	-0.137110416119489	0.158932505477615	0.197489297111855
V97	-0.0554903940857783	0.173574699155988	0.00270650543620322	-0.170626989405539	0.211162284889196	0.139504472977692	-0.199324365863206	0.186581094913414	0.296337093839381	0.290461151895667
V98	0.370310836216598	-0.28306661450856	0.322239505745263	-0.00266025157933461	-0.353160732576243	-0.0126978520189567	-0.11748217647324	0.113746363874005	-0.218705535053355	0.035138865604505
V99	0.125577262859938	-0.575010808144168	0.194305735558456	-0.0142279844953752	-0.00383218856356749	0.105471194465023	-0.0573474199666837	0.286218700358081	-0.105311841535016	0.131500602323289
V100	0.627696649193424	-0.356121969786674	0.13747788985027	0.00999309391480265	-0.0694834480728225	0.0240487974663758	-0.209451930691846	0.100257193490222	-0.132594459496727	-0.0226654889437568
V101	0.627419530625144	0.370896381702144	0.2146671133588	0.0853177020454768	-0.230958904180539	-0.049294785379917	-0.195393224913005	-0.0923663916635063	-0.0231533514165834	-0.140112101963218
V102	0.646208467268369	-0.584775839993083	0.163073842481764	-0.0141433383951053	-0.0205577300349156	-0.208774689834171	0.100049667382065	0.100779233348581	-0.00948436065584239	0.118204070249887
V103	0.649270392930481	-0.582547957239106	0.158244892452751	-0.0121136064499023	-0.0168422212929842	-0.208464999481914	0.102923407009782	0.105375844295075	-0.00785509201939032	0.118453167244902
V104	0.804954757163398	-0.278506525820543	-0.221069356235507	0.0178826982228335	0.0228015355067191	-0.260908218323446	0.134122357929501	-0.0316308937222917	0.0405502746776895	0.154994226870716
V105	0.324987969166019	-0.0510366741731089	-0.314796000896922	-0.00333502940931247	-0.354088540131139	-0.165973198454708	-0.106368876361373	0.0852571856035617	0.132304838259598	-0.295798417538231
V106	0.733497327881601	-0.115697519406013	0.216665747956938	0.114372935801319	0.000489787761410738	-0.0563809759889173	-0.0825304003010561	-0.057308836241237	0.381555244165077	0.124033225965146
V107	0.474919847734217	0.416545675401507	0.162800410245823	-0.350820024567218	0.157207698370303	-0.15166555329042	0.206450446069767	-0.059427637075866	0.0443538060277781	-0.0812792616300548
V108	0.568109359007095	0.320523346283415	-0.190742205082407	-0.0932775065060715	0.117780964387016	0.124931879211214	-0.0309692873193152	-0.0370532545482858	0.164411187710664	0.176170769726231
V109	0.522167980495404	-0.424099861371362	0.345105218204787	-0.0645258810306892	0.223622227943633	0.25604144152355	0.0202006022800576	-0.072245509258928	0.296377122458134	0.122862166409807
V110	0.597633958969236	0.232191092288749	0.389538036050166	0.205856248294331	-0.208313923782365	0.0884266637310958	0.122100407484465	-0.207976189690293	0.0501771517988451	-0.00828380906887974
V111	0.119057263469108	-0.55009892968528	0.160059602981277	-0.0291330720088567	-0.245003055722553	0.0681872311890465	0.322432296978932	0.209108138489788	0.0397875450470204	0.00574580577592598
V112	0.670812880027471	-0.157224660700308	0.544817621708633	0.0844800858295124	0.132790692846155	0.173237488877195	0.0865159563672752	-0.0498513319979449	0.00760856776794594	0.0879354666346125
V113	0.620799695639656	0.135274448502162	0.556685969201303	0.120619290552576	0.102354490170319	0.0889579974426907	0.170188990425582	-0.0780231710604159	0.0944217673021282	0.146627539397957
V114	0.620799695639656	0.135274448502162	0.556685969201303	0.120619290552576	0.102354490170319	0.0889579974426907	0.170188990425582	-0.0780231710604159	0.0944217673021282	0.146627539397957
V115	0.760417832518525	-0.355803744447872	0.286329041650714	0.0118030178495613	0.0302559732852398	-0.0786745505033934	0.0800580120347978	0.0260949610289602	0.0255387485925559	0.0364392547810583
V116	0.788955497800158	-0.405344253266172	0.102960022037376	-0.0304020773334239	-0.130377289120768	-0.157399892323494	-0.0842539517921152	0.0602226071748847	-0.185473628595713	0.147938561508593
V117	0.242748090878851	0.1075005842842	-0.085975091869031	-0.0250772717711463	-0.0572986724348839	-0.334767808652702	0.139786184207368	-0.333763245337526	-0.280401906742627	-0.0519212186468805
V118	0.116885051907303	0.268428622825704	-0.0437118165124038	-0.314732891713723	-0.102385440849007	0.225048348197043	-0.273406609659327	-0.0816284568464697	-0.132616711304382	0.133776765785548
V119	0.0512083683103086	-0.289409328428043	0.147297577136925	0.415698835490786	-0.182688721826667	0.179715319466412	0.119400948194566	-0.162027005276629	0.0645187872601653	0.081226432865269
V120	0.329155915985537	0.00973464697459243	0.115884169265637	-0.050453254899002	-0.0123025853070793	-0.0498303894993285	0.195345037373736	0.134911169164973	-0.523831062913028	0.0341534397042511
V121	0.320551502075481	-0.0128432058062347	0.115713199904957	-0.0408444898905551	-0.000413355134197639	-0.0663422364267994	0.18139912788163	0.087991703829288	-0.533292505182506	0.048643997582048
V122	0.241311968873813	0.144279138459057	-0.00947164669254683	0.0647932615105919	0.149629225326492	0.392820362452044	-0.0193120390672782	-0.238380571551852	-0.0347743156782939	0.0782481841789277
V123	0.40293749800172	-0.168744426409523	0.367419607623744	-0.0607672975802495	-0.362619239272438	-0.25309648293503	0.0910119882433891	0.0371364524339778	-0.00424203840764449	0.0274052835744263
V124	0.109715440921951	0.194444468518104	0.157010763824457	0.366884556972886	0.173413063136319	-0.441031780588066	-0.00918148104685123	-0.0712515510638002	-0.045939949593178	-0.111722363192635
V125	0.25527773770971	0.0301686955230264	0.0896760908265026	0.115299684335608	0.156187185883255	-0.0472466258355664	-0.13922625967702	0.323955171923242	0.221504109843056	0.0385513891473599
V126	0.210565007039655	0.0111043578708798	0.0629598376298947	0.0760848197234911	0.116453084021693	-0.0203694328825788	-0.128741304904137	0.351005487958399	0.23139162996841	0.00742843809909571
V127	0.294063760863934	0.015901861957875	-0.0319039734148259	0.0444410455638795	-0.193148548363161	-0.161851609544007	0.342972067356989	0.0790477626320445	-0.0200243709787337	-0.140222001930641
V128	0.463324976900105	0.569800588667299	0.305332874098213	0.171179923790041	-0.0291115708793372	-0.0740289367586683	0.111412869586297	-0.199187615683796	-0.0729140268594131	0.062498319727446
V129	0.48165171513226	-0.482811277052362	-0.138120329784364	-0.130471046688913	-0.187105893587114	-0.260082541445313	-0.0657694584663157	-0.0228201313105325	-0.131133510986724	0.0662751328972696
V130	0.626908329463645	0.442758921867539	0.22866133620823	0.134544110247718	0.0652054362881516	0.0255021317918084	-0.129822902624691	-0.0979803579866697	-0.00664211074257569	0.0950108941292935
V131	0.274260635832909	0.263616254908717	0.237122877272732	0.184881532828933	-0.0714231601135423	0.165789007462763	0.147678073263263	0.196436828169812	-0.243293872194708	0.196890546450686
V132	0.618100700489763	0.499116262692781	-0.143420402989892	-0.00249530946377276	-0.122767770440329	0.278106034803616	-0.252537602723051	-0.145966569769502	0.128097846018987	-0.0509936104572905
V133	0.60468231468568	0.429418042440165	0.000611232406715869	0.0623017779498003	-0.165908656248356	0.217680525189352	-0.064246423862388	-0.166236861823493	0.108103827566015	-0.0111557736635268
V134	0.639218572391104	-0.187594319807388	0.138205678794691	0.0519223881114199	-0.173446617699168	0.447955810558715	0.163590516874994	0.00771192566255972	0.255264483383802	0.0294972444238189
V135	0.439894313649008	-0.318996278245777	0.217587348930901	0.184055518249717	-0.0908061110020543	0.354858920355267	0.0670960747292399	-0.17380273317779	0.298460037272662	0.211538165763146
V136	0.556898450950849	-0.0888234504749635	0.0162503294720244	-0.0927393805428653	0.214449623028841	-0.0801368825049608	-0.171935613610237	0.0436575474949533	0.189666278859536	0.234585485943768
V137	0.517283134945884	-0.153659747742712	0.443765270692652	0.0458416946595554	0.0480497713189967	-0.0187106929488028	-0.109843361938689	-0.342171837970221	-0.311279175821249	-0.090139970106595
V138	0.534524941335997	0.118821941258225	0.425304636261303	0.107269283612117	0.124053850416307	0.292994469118482	-0.0300258868907531	0.107996582877368	-0.323611905206608	-0.0847999840615711
V139	0.5093605975814	0.238747276827663	0.122922087875635	0.0174887265069001	-0.0964220751894198	0.082321886253409	-0.344370936205981	0.209706922585582	-0.266008322239544	-0.0467452973232577
V140	0.773427530113202	-0.31465790343127	-0.17032530256626	0.0647243229523325	-0.118717183887501	0.157308383741977	-0.192677097967423	0.102822574567502	-0.102232358386834	0.223606542297844
V141	0.597120761677635	0.601880984054391	0.0424717575040758	0.0197688650718477	-0.115354118446977	-0.166916195601735	-0.0422611993168413	-0.0916718041281647	0.0578935233271274	0.197754154254993
V142	0.794105786552621	-0.325098314065717	0.0239758624570078	0.176497434463962	-0.108592958680182	0.0443758686298156	0.055138538832003	0.0405281618671811	-0.140138611080048	0.054399348786666
V143	0.37180304163871	0.0216015130482987	0.219960415823953	0.192397833674046	0.209599162538844	-0.0661126217709441	-0.0276480620643095	-0.172233556780677	0.448830485397641	0.0130141259318699
V144	0.618549406060338	-0.434658361018688	0.280604625292174	0.0415219946731755	0.199506710222121	-0.0934790294797937	0.229014544957376	-0.148402948204244	0.00541856913904212	0.138424383642888
V145	0.49385145553763	0.00487985550849336	-0.204062638757102	-0.243591281028879	-0.109753239972737	-0.251977109852055	-0.11684141985841	-0.116096835297689	-0.332319962353028	-0.201236529329883
V146	0.309017706044049	-0.395943579008561	-0.183838576664277	-0.102518944846851	-0.0758739404634786	0.433180093773801	-0.267627090673733	0.169673580396776	0.0411647296953387	-0.0589915699500758
V147	0.541776198508409	-0.192237929621115	0.125403399642151	-0.308748239369044	0.235503120849114	0.284847489423173	-0.103777615091103	0.155224063419754	0.300618070421811	0.049840389788435
V148	0.270193597328483	0.324043554111715	0.170119037901287	-0.145403050074288	-0.00319624570860192	-0.149576996538253	0.0119613364158277	-0.137405541038318	0.108763845884523	0.0793525808456656
V149	0.275666888001	-0.253957580898093	0.252215140805939	-0.134027954432356	0.167081723142528	0.0449840315238932	-0.231087851970179	-0.279184352360775	-0.25912905516918	0.306693981319283
V150	0.275666888001	-0.253957580898093	0.252215140805939	-0.134027954432356	0.167081723142528	0.0449840315238932	-0.231087851970179	-0.279184352360775	-0.25912905516918	0.306693981319283
V151	0.348304334965414	0.049472531130576	-0.253026458165907	0.0614717056921732	-0.217928801552821	0.165763251900396	-0.0917158614204613	-0.168713145125591	0.0397730239149183	0.0953814139580149
V152	0.3604445416656	-0.271342069348645	-0.159180259090013	0.291209436349406	0.191530572544191	-0.0453996999480524	0.00435325372188947	0.251532586736215	0.20464844100856	-0.166683786367553
V153	0.598372910910001	-0.377522282511653	-0.0482233425334627	-0.212421295076806	0.140079504414122	-0.327867442035956	0.0728776252387728	0.00793899057989469	-0.0718159543573876	0.165838800106711
V154	0.344521587476002	-0.679799968660048	0.0680904786531634	-0.117395097191888	-0.128671849517874	-0.0758771364240027	0.281211749561107	-0.014360981504111	0.070153135158056	0.198319593146441
V155	0.525910785340979	0.199988276031348	0.482827392637957	-0.0666233085928741	0.303270739481243	0.0746507148041444	0.228548362764963	0.0463179339997136	0.0566335905403751	-0.0612268490595678
V156	0.78506588842416	0.0888846607156252	-0.272608862689685	-0.018818714593119	-0.297275539401927	0.197642332473568	-0.226067763893151	0.0922123535940169	0.0268356617795109	-0.0463767999088142
V157	0.537671038737438	0.0274880092783873	-0.120933839660109	0.036421278544958	-0.178937324989372	0.274333952543255	-0.349499422179533	0.105695046782807	-0.130971462435789	-0.0310911517727682
V158	0.555319712591754	0.0324386475106188	-0.125785611179862	0.047835361991697	-0.173709777712679	0.280741487303685	-0.328499547262709	0.132150775263617	-0.106992504926178	-0.012217648322708
V159	0.685333649238465	0.00309663993643312	-0.0629036720275849	-0.183695592211645	-0.10183335784359	0.0312597820391692	-0.303387158469734	0.113688863052981	-0.0217058440794232	-0.165390427715027
V160	0.769286532075007	0.10737825027908	-0.303081116666881	0.00384429309898331	-0.304182062340925	0.181448276974501	-0.208701725566021	0.0922169243068128	0.0593444397199917	-0.0667026052262476
V161	0.607820546700691	-0.0569630953593674	-0.426291631547539	-0.126223688803934	0.214306894830911	0.0518056029623326	-0.297957333413647	0.0477218279966824	-0.0180210109384199	-0.153091211927532
V162	0.607820546700691	-0.0569630953593674	-0.426291631547539	-0.126223688803934	0.214306894830911	0.0518056029623326	-0.297957333413647	0.0477218279966824	-0.0180210109384199	-0.153091211927532
V163	0.133408638280164	0.29980983505575	-0.0503793579026062	0.169126556809577	0.425780210651544	-0.415676533275351	0.0398707422326703	-0.0437108186908009	0.110179205887895	0.0490821055491229
V164	0.334459159307124	-0.025301614527703	0.0234158225995917	0.0535669682454783	-0.284136546361344	-0.00744135452222095	0.196994129116725	0.323986663946545	-0.0518482835116141	-0.0296986539630819
V165	0.568986468150621	0.704170102993525	0.194591975951026	0.238837975152961	-0.0755290129631444	-0.0462149163503228	0.0131822596052998	-0.0289519970940134	0.0588504848204997	-0.0598599073636099
V166	0.632170725418372	-0.191459856980836	0.0247840299618631	-0.297486931525898	-0.065927435902194	0.0275712774882883	-0.303700742553163	0.17558528623651	-0.0855727470183239	0.102665417633308
V167	0.783684227660581	0.152599450020851	0.140964188561167	0.0462061456024039	0.23157015690849	0.0827543364325064	-0.0475824044602852	-0.162071571195101	0.276300196060686	0.0787952353025372
V168	0.616112917863527	-0.117359538647849	0.411895958629905	-0.0639261109704873	-0.0362173603431533	0.156587092850451	-0.140788877772138	0.183648506646187	0.244844511043851	-0.00623180841050126
V169	0.168348912089101	0.336157437156398	0.087992577530261	0.331334666436951	0.086050749550227	0.118688441432992	-0.0111569618068794	0.227412921500451	-0.0438254832570828	0.0940463541790425
V170	0.337392728999603	-0.0729719225843557	-0.284272656839215	0.25586886630836	0.230403089411192	-0.0253605838154322	-0.2285581482331	0.257987517359197	-0.00541120867510052	0.00431081252815493
V171	0.17686905848939	0.128645235675009	0.246047153427231	0.0259391178152075	0.264243672020406	0.0504305974041423	-0.0737900862914688	-0.0873646117790435	0.324811647477533	-0.0758083478197673
V172	0.128981128501916	0.407892721086839	0.0776894533890916	-0.282503450495536	0.065269662402431	0.103720177183146	0.0680304054533418	-0.124961215402006	0.150849591928157	-0.205241156977716
V173	0.436727581145761	0.217934099517482	0.200923612815212	0.0879265720765949	-0.0959918168656081	-0.208558445530551	0.133729940752852	0.216628750843715	0.165293924771122	-0.241078847399796
V174	0.267585843884552	0.332702396967249	0.0918968262293223	0.12038351916389	0.231330361553195	0.0518688429154364	0.250969449308316	-0.184196498039529	0.0437131214723777	0.0236432107274369
V175	0.267585843884552	0.332702396967249	0.0918968262293223	0.12038351916389	0.231330361553195	0.0518688429154364	0.250969449308316	-0.184196498039529	0.0437131214723777	0.0236432107274369
V176	0.593171727054268	0.146467082531988	0.376691707314744	-0.204932667284223	0.102452474067161	-0.0255472632924712	-0.20516085415607	0.0931355632219637	-0.0118099109297725	-0.204311823937013
V177	0.55037898672175	0.446334553320336	-0.130763459732349	-0.264810992723131	-0.148281982597029	0.0850069847329656	-0.141590525255834	0.00607142727254873	0.0528142740661307	-0.158597571786358
V178	0.371738762174704	-0.389886222764445	0.0199095270247237	-0.0624473821549202	-0.00875487618664915	0.0092359821358887	0.0559599509354243	0.341447322924925	-0.066045014277668	0.151554386506268
V179	0.371738762174704	-0.389886222764445	0.0199095270247237	-0.0624473821549202	-0.00875487618664915	0.0092359821358887	0.0559599509354243	0.341447322924925	-0.066045014277668	0.151554386506268
V180	0.545938268461975	0.0925237642114694	0.210092231839073	0.186491338302454	-0.0287415238550521	-0.162340821700416	0.0735211998670874	-0.0806920600164507	-0.155463686658264	0.0348588550665554
V181	0.696898591386684	-0.249177464153847	0.461542817438622	0.000977727128767345	0.00874123751986569	0.101072881547637	-0.211717025325072	-0.0202327282613657	-0.0448076866407495	-0.12357432677689
V182	0.242850438690831	-0.433933063935587	0.207223419253903	-0.0403271301114441	0.138594651579396	0.0330270127993708	-0.136286720989596	-0.182386455266425	-0.229153454894587	-0.0178050757500436
V183	0.665189331025142	0.164447768077969	0.322698010200027	0.247758602926242	-0.00871020934260801	-0.0387757497839533	0.0850431892476249	-0.353525678392535	-0.146498411686188	0.140559887076018
V184	0.311871567373845	-0.128552751124816	-0.00368347243133125	-0.132352944509111	-0.123938716249852	0.306347287836419	0.218126648925959	0.296283386775651	0.144236015966288	0.224113831045444
V185	0.0977793555125976	-0.19802127230221	-0.0504206791871907	-0.267471030049385	-0.283011451078634	0.0550162399334742	-0.00859690187972006	-0.0917185077396993	0.184441445517805	-0.341646252351026
V186	-0.025418402545385	0.303683031268789	0.0562469907029755	0.471052946546671	0.0170571744848501	-0.110289076713533	0.234264255755603	-0.0596459765634739	0.00584287621186044	0.0458912120554163
V187	0.127833608924175	-0.144161301035513	0.182507716338409	0.239305471453455	0.227604360417901	-0.240074544259974	-0.0296550243713165	0.104445676134971	-0.046546315931763	-0.0210408681179979
V188	0.0800191654729459	-0.165049755927211	0.419618960610379	-0.160933248413828	-0.102948973187713	0.0584474786764006	-0.162560401042852	-0.273025583829171	-0.0657339765447867	0.0153712235706153
V189	0.510310441802786	0.265708257094075	0.217344969233588	-0.297694865043111	0.070914666344067	-0.193843518096049	0.0352282377031988	0.193036022711181	0.0548099201980035	0.0720989526157389
V190	0.248004332054183	0.200502088733711	0.189598295896144	0.217047121842388	-0.0659136327885065	-0.14058749698551	0.0056453935560889	-0.310332698762287	-0.0122829650717427	-0.101910181590078
V191	0.56968410364134	0.676341533135116	0.121816673035801	0.0578251695712514	0.0857004152680496	-0.00467926957175162	-0.0755396009639616	-0.0462108165919751	0.0796911758392515	-0.0143788816583447
V192	0.215752939932993	0.0956708622457349	0.237701616145722	-0.240243891476899	0.492746793834532	-0.20040863798691	-0.0968325259542218	-0.114219831639895	0.0527420813432318	0.104839274638846
V193	0.213118996827564	-0.741677069122567	0.0130226621151072	-0.0215097258152455	-0.0753203524991614	-0.0652459504424482	0.167562739311975	0.125376678363364	0.103897594351279	0.172557239228986
V194	0.332951281800583	0.223981164618309	0.27173702077824	0.275801273757206	-0.00547441174323741	-0.119193213251209	0.11268525414751	0.133201148282645	-0.116532979933203	-0.0907426395042625
V195	0.340095515094145	0.364340109719713	0.381728659493788	0.100003722937396	0.431376479971369	-0.0907351072928998	-0.10600973835149	0.0265368579064961	-0.0843918749945958	0.119789694438482
V196	0.516030207486309	-0.045068238055383	0.254378962730358	-0.0377764192602954	0.072046759179801	0.139653400012966	-0.340630912451185	-0.0297872390828023	0.0525132357678355	-0.118491149688263
V197	0.234060817209919	-0.0290872820055321	0.0387365759068162	-0.0669472832913298	-0.135418980970694	-0.242127627899573	0.0276093633044194	-0.153128325566174	-0.0482459276678958	0.316701533937684
V198	0.42339057041478	-0.0278670760488247	0.367668554060792	-0.0450651991775349	-0.318496553119508	0.0171502277638038	-0.192281120081613	-0.0156715428378707	0.0836915839683338	-0.176695657553626
V199	0.54916127001054	0.462921822873307	0.359871471147502	-0.0416532666074545	0.216397092105052	-0.271600219495395	-0.107958969544529	-0.0635996284116304	0.170369798911568	0.0784967708867932
V200	0.345347705301046	0.559553999579628	-0.0492776824084181	-0.0947105587335013	0.315776587546332	-0.00344951684069653	-0.0362053022620861	-0.0388187356596691	0.0319512174216496	0.243735944475502
V201	0.346251554210156	0.555759745634857	-0.0487075835022291	-0.0990571006199483	0.314378552919254	-0.00645587532198041	-0.0347862917974975	-0.0391638012460908	0.0303790419537966	0.244005091333412
V202	0.147255404503164	-0.0805652695547382	0.265188209266532	-0.01914334312137	0.186669280523496	0.219439546919905	0.332664754004282	0.359230208286897	0.205993668554318	-0.0100637226093304
V203	0.422672087821358	0.193801402436703	-0.0871792529160872	0.0130222643072687	-0.128497791175687	0.206609740808089	-0.0138885392012546	0.0952504382729472	0.128323693174765	0.109084660870805
V204	0.660818991386075	-0.291991683748885	0.206657992494309	-0.225261427318906	0.0683723364041497	0.166104866194805	-0.0977533701397137	-0.0600701835866469	-0.0719561686219027	-0.381497005493915
V205	0.631951517018651	-0.300240752320924	0.199894561506049	-0.226448256858019	0.00241621147596386	0.0807724121530749	-0.199888236357478	0.0579565438073459	-0.0165558101283685	-0.321320911648432
V206	0.660818991386075	-0.291991683748885	0.206657992494309	-0.225261427318906	0.0683723364041497	0.166104866194805	-0.0977533701397137	-0.0600701835866469	-0.0719561686219027	-0.381497005493915
V207	0.631951517018651	-0.300240752320924	0.199894561506049	-0.226448256858019	0.00241621147596386	0.0807724121530749	-0.199888236357478	0.0579565438073459	-0.0165558101283685	-0.321320911648432
V208	0.525271055670784	-0.0526983578464726	0.156725731365222	-0.0611146251697052	0.0565953456526012	0.422781933001113	-0.10538251821524	0.160766070721853	0.253586841492646	-0.152656861808269
V209	0.512859824389427	0.424742661098901	0.0100242856658994	0.10925197040356	-0.172047739735087	-0.00300030165008865	0.110871321001035	0.0800055284045173	-0.153843357964626	-0.281878771085482
V210	0.266434136294159	-0.265101025732154	0.155814624132386	-0.0575420657735773	-0.00436019375752765	-0.126085374834974	-0.119582996986703	-0.0693880957130606	0.237385118089216	0.341742448080658
V211	0.490177629171157	0.308451420333736	0.0106111836707482	0.262555376849638	-0.210489121435536	-0.318811154147974	-0.168540356522657	0.235935907702763	-0.120422330967797	0.0746323727121732
V212	0.366996472698694	0.463105542392956	0.0208903273722528	0.191758599355559	-0.124576748430833	-0.0129893314878619	0.0861738565869761	0.00383702564517923	-0.0904092223690076	0.0898527689711188
V213	0.437078555058215	-0.0264325981809771	0.406361477094304	-0.182813530427584	0.290656968120923	0.214302026779051	-0.100356108437501	-0.275799354397502	-0.0160725439046173	-0.228894337694221
V214	0.356659553144292	0.17702223271132	-0.113818865459894	0.136661384809577	-0.107430088350905	-0.21328819250047	-0.246011705208301	-0.0763425414340341	0.0551470573491396	-0.262682325113435
V215	0.810066891369188	-0.307961759318696	0.078656144115088	-0.000222031193938117	-0.277998531347178	0.0511823301137635	-0.0197126097108947	0.0985460166974232	0.117038739910873	-0.139352583175461
V216	0.31768567140576	-0.167826721801209	-0.222705637685817	0.104476328840502	0.131424650778992	0.0450328668730327	-0.195092981386065	0.0698174756343545	0.293697402975722	0.105024020347314
V217	0.663405831937529	0.0469291445504536	-0.375133394678904	-0.328149383632889	-0.0650955798201215	0.247975662171093	0.261345686683341	-0.246749350175667	-0.0157879283973906	-0.0520197221807896
V218	0.663405831937529	0.0469291445504536	-0.375133394678904	-0.328149383632889	-0.0650955798201215	0.247975662171093	0.261345686683341	-0.246749350175667	-0.0157879283973906	-0.0520197221807896
V219	0.624184517875254	0.0401667527854746	-0.328111956219747	-0.36631301968664	0.0567225557897521	0.259438004383009	0.277275184541109	-0.227196833983062	-0.0593392682433289	-0.0686783174689919
V220	0.624184517875254	0.0401667527854746	-0.328111956219747	-0.36631301968664	0.0567225557897521	0.259438004383009	0.277275184541109	-0.227196833983062	-0.0593392682433289	-0.0686783174689919
V221	0.673932418563387	-0.31204126748119	-0.281751998809753	0.511131816341441	0.217863913582529	-0.011916934669014	0.058870501679346	-0.0577252344901076	-0.0435438617042786	-0.144343227394499
V222	0.673932418563387	-0.31204126748119	-0.281751998809753	0.511131816341441	0.217863913582529	-0.011916934669014	0.058870501679346	-0.0577252344901076	-0.0435438617042786	-0.144343227394499
V223	0.673932418563387	-0.31204126748119	-0.281751998809753	0.511131816341441	0.217863913582529	-0.011916934669014	0.058870501679346	-0.0577252344901076	-0.0435438617042786	-0.144343227394499
V224	0.673932418563387	-0.31204126748119	-0.281751998809753	0.511131816341441	0.217863913582529	-0.011916934669014	0.058870501679346	-0.0577252344901076	-0.0435438617042786	-0.144343227394499
V225	0.277243024894569	-0.328235347990658	0.23009868712433	0.270307353434971	-0.00669669082836368	-0.154505710064154	-0.0343175245716704	0.101934517258251	0.23695269392605	-0.176873104091967
V226	0.697801025676267	-0.313290752036803	-0.250983288725379	0.5246443302079	0.166680335297498	-0.0278628548634887	0.00609079936215777	-0.0342802464056669	-0.0414736673476157	-0.126813511855247
V227	0.549191214573538	0.0505985453475531	-0.116051261645143	-0.0962757163540165	-0.222368402916668	-0.18512579714423	-0.0785104034238535	0.167383709919893	0.151488876716987	0.124380902615263
V228	0.703775413914489	0.0251515073143073	-0.175103330693441	-0.393253170410569	-0.0258206507590337	0.219081354616449	0.404171065207926	-0.151120135092247	-0.0160232379931877	-0.0994292414291071
V229	0.703775413914489	0.0251515073143073	-0.175103330693441	-0.393253170410569	-0.0258206507590337	0.219081354616449	0.404171065207926	-0.151120135092247	-0.0160232379931877	-0.0994292414291071
V230	0.703775413914489	0.0251515073143073	-0.175103330693441	-0.393253170410569	-0.0258206507590337	0.219081354616449	0.404171065207926	-0.151120135092247	-0.0160232379931877	-0.0994292414291071
V231	0.701108460304734	0.019152380464607	-0.207731943103765	-0.433766590401924	-0.107597834069412	0.196301795489422	0.384261827443837	-0.157574902479295	-0.0444127712645365	-0.0840022352376555
V232	0.701108460304734	0.019152380464607	-0.207731943103765	-0.433766590401924	-0.107597834069412	0.196301795489422	0.384261827443837	-0.157574902479295	-0.0444127712645365	-0.0840022352376555
V233	0.701108460304734	0.019152380464607	-0.207731943103765	-0.433766590401924	-0.107597834069412	0.196301795489422	0.384261827443837	-0.157574902479295	-0.0444127712645365	-0.0840022352376555
V234	0.701108460304734	0.019152380464607	-0.207731943103765	-0.433766590401924	-0.107597834069412	0.196301795489422	0.384261827443837	-0.157574902479295	-0.0444127712645365	-0.0840022352376555
V235	0.716090692977694	-0.00384680862758936	-0.249765837016543	-0.421585370511228	-0.085793584322536	0.202250877982434	0.332879665966529	-0.164824445091778	-0.00166700616726904	-0.12129052818159
V236	0.716090692977694	-0.00384680862758936	-0.249765837016543	-0.421585370511228	-0.085793584322536	0.202250877982434	0.332879665966529	-0.164824445091778	-0.00166700616726904	-0.12129052818159
V237	0.716090692977694	-0.00384680862758936	-0.249765837016543	-0.421585370511228	-0.085793584322536	0.202250877982434	0.332879665966529	-0.164824445091778	-0.00166700616726904	-0.12129052818159
V238	0.716090692977694	-0.00384680862758936	-0.249765837016543	-0.421585370511228	-0.085793584322536	0.202250877982434	0.332879665966529	-0.164824445091778	-0.00166700616726904	-0.12129052818159
V239	0.516882536386104	0.103851206427218	-0.119908563723565	-0.0875610260379046	-0.224296609592937	0.0204477049235658	0.0326284022157685	-0.089267641561073	-0.0186247045442055	-0.141698408130579
V240	0.684039910892237	-0.299192619988286	-0.27239873683004	0.514362766126805	0.219978255538669	-0.0353717563533153	0.0490813013897959	-0.0537677938737765	-0.0332274209606677	-0.132407750186713
V241	0.673932418563387	-0.31204126748119	-0.281751998809753	0.511131816341441	0.217863913582529	-0.011916934669014	0.058870501679346	-0.0577252344901076	-0.0435438617042786	-0.144343227394499
V242	0.673932418563387	-0.31204126748119	-0.281751998809753	0.511131816341441	0.217863913582529	-0.011916934669014	0.058870501679346	-0.0577252344901076	-0.0435438617042786	-0.144343227394499
V243	0.673932418563387	-0.31204126748119	-0.281751998809753	0.511131816341441	0.217863913582529	-0.011916934669014	0.058870501679346	-0.0577252344901076	-0.0435438617042786	-0.144343227394499
V244	0.673932418563387	-0.31204126748119	-0.281751998809753	0.511131816341441	0.217863913582529	-0.011916934669014	0.058870501679346	-0.0577252344901076	-0.0435438617042786	-0.144343227394499
V245	0.666972556069136	-0.286674093513236	-0.285633065497673	0.529060978505378	0.235738428057377	-0.0287756032817694	0.067175255347594	-0.0525301001480273	-0.0444530523238786	-0.0967691250455252
V246	0.666972556069136	-0.286674093513236	-0.285633065497673	0.529060978505378	0.235738428057377	-0.0287756032817694	0.067175255347594	-0.0525301001480273	-0.0444530523238786	-0.0967691250455252
V247	0.666972556069136	-0.286674093513236	-0.285633065497673	0.529060978505378	0.235738428057377	-0.0287756032817694	0.067175255347594	-0.0525301001480273	-0.0444530523238786	-0.0967691250455252
V248	0.666972556069136	-0.286674093513236	-0.285633065497673	0.529060978505378	0.235738428057377	-0.0287756032817694	0.067175255347594	-0.0525301001480273	-0.0444530523238786	-0.0967691250455252
V249	0.676599883307242	-0.307662525374446	-0.270221482433307	0.515919436878182	0.221658876455024	-0.0259814244020276	0.0738188764492766	-0.0602826991819448	-0.0319475580374442	-0.113632351704135
V250	0.684171606125996	-0.0879441021382133	-0.284881358065701	-0.221392831024556	-0.0364135348659755	-0.365746628287572	0.101886750639718	0.0504142421435573	-0.101822712331286	0.0841568988612237
V251	0.684171606125996	-0.0879441021382133	-0.284881358065701	-0.221392831024556	-0.0364135348659755	-0.365746628287572	0.101886750639718	0.0504142421435573	-0.101822712331286	0.0841568988612237
V252	0.673932418563387	-0.31204126748119	-0.281751998809753	0.511131816341441	0.217863913582529	-0.011916934669014	0.058870501679346	-0.0577252344901076	-0.0435438617042786	-0.144343227394499
V253	0.673932418563387	-0.31204126748119	-0.281751998809753	0.511131816341441	0.217863913582529	-0.011916934669014	0.058870501679346	-0.0577252344901076	-0.0435438617042786	-0.144343227394499
V254	0.673932418563387	-0.31204126748119	-0.281751998809753	0.511131816341441	0.217863913582529	-0.011916934669014	0.058870501679346	-0.0577252344901076	-0.0435438617042786	-0.144343227394499
V255	0.673932418563387	-0.31204126748119	-0.281751998809753	0.511131816341441	0.217863913582529	-0.011916934669014	0.058870501679346	-0.0577252344901076	-0.0435438617042786	-0.144343227394499
V256	0.583966919457353	0.186803440337978	0.3240307683233	-0.0432107698945344	-0.372575398475996	-0.176731412542574	0.242469728155873	0.222707699225307	-0.0720382105321438	-0.202182752262305
V257	0.583966919457353	0.186803440337978	0.3240307683233	-0.0432107698945344	-0.372575398475996	-0.176731412542574	0.242469728155873	0.222707699225307	-0.0720382105321438	-0.202182752262305
V258	0.583966919457353	0.186803440337978	0.3240307683233	-0.0432107698945344	-0.372575398475996	-0.176731412542574	0.242469728155873	0.222707699225307	-0.0720382105321438	-0.202182752262305
V259	0.583966919457353	0.186803440337978	0.3240307683233	-0.0432107698945344	-0.372575398475996	-0.176731412542574	0.242469728155873	0.222707699225307	-0.0720382105321438	-0.202182752262305
V260	0.254240217470452	0.129405388716771	0.16389779651339	0.0344862726244323	0.0143493862268163	0.101350324278714	0.0790275425892261	-0.042585484865685	0.39533188376965	-0.204107464782659
V261	0.234187707117864	0.0877423195804603	0.302463552805811	-0.231852266790939	0.455796383272113	0.0148300142143193	0.22637181389685	0.172795703524004	0.233986784824954	0.106152823122703
V262	0.452210808767154	-0.221396917314124	0.451402980302854	-0.096134942706708	-0.150078133347911	0.327673711226523	-0.346964214688261	0.0438216829891217	-0.0383202318879697	0.000269412711390962
V263	0.0745852736415037	-0.497459424314581	0.562316248927839	0.0380098758723424	0.0675749004406543	0.115852806787182	0.29857824793698	-0.242155116387915	0.00498447437717479	0.215061257346457
V264	0.144816527421253	0.103895101082479	0.0248278571156735	0.46571292838187	-0.501123666614919	0.340623179373799	-0.184381838351117	-0.119817093001882	-0.00963087213312611	0.271736166254086
V265	0.144816527421253	0.103895101082479	0.0248278571156735	0.46571292838187	-0.501123666614919	0.340623179373799	-0.184381838351117	-0.119817093001882	-0.00963087213312611	0.271736166254086
V266	0.144816527421253	0.103895101082479	0.0248278571156735	0.46571292838187	-0.501123666614919	0.340623179373799	-0.184381838351117	-0.119817093001882	-0.00963087213312611	0.271736166254086
V267	0.563554646726989	0.170991182748286	-0.176818412184824	0.00698921945850632	0.12571531626947	0.227752152535604	-0.167478734639077	0.117025780149494	-0.054663503682695	-0.151371843338423
V268	0.672207533954897	0.159758451026756	0.557417977969976	0.0914373620088312	0.0539058333643738	-0.0170228136035398	-0.0665141181176092	-0.24783056853785	0.0317229573723789	0.119799598360407
V269	0.56330027477596	0.15788257108774	-0.117743021686436	-0.0939002040732991	-0.0441133350121317	0.0843127096356127	0.0578889280901721	-0.148675093347465	0.0526377443755153	-0.0551248208738158
V270	0.285616513774261	-0.249644546973633	-0.0894402371295757	-0.0473036510696866	-0.115188015071193	-0.0109649359771334	-0.242011620601228	-0.215775632270356	-0.355800545694441	-0.0104501882812954
V271	0.753295139542561	0.284687408729276	-0.0978581484910654	-0.0205398841370571	0.0465564362061292	-0.219332938564331	0.0168712962969359	0.156890978281148	0.138447312110997	0.163394479562647
V272	0.741356373593318	-0.232177933390044	0.237565082206299	0.10049390158655	-0.0472742402197154	-0.0260696753044415	-0.0236070875725564	-0.0468213778587651	-0.209221005496078	0.151608403545185
V273	0.452112050416776	0.276324072024238	-0.213979497025336	-0.0952503320687255	-0.107425646971249	-0.19383795673212	-0.0964804019388953	-0.151915650180881	-0.134329923089996	0.168648865664623
V274	0.668257383600955	0.249638117881447	0.254017195315388	0.200886880443864	-0.0873995811603031	0.0500620423508584	-0.115643361169064	-0.196659028981571	-0.140894405468819	-0.105829012026393
V275	0.316613990225458	-0.363772445058002	0.118349806432447	0.0186395258669309	0.318693588683237	0.291499234137741	-0.166852334143503	0.0706817723322467	-0.206837979819664	0.167598893787375
V276	0.473802881646043	0.000825599786340708	0.278289794579333	0.137805045622748	-0.287373066379365	0.151985019742832	0.226964273063469	0.215034076038891	-0.0723137486657213	-0.0289711215472858
V277	0.588190592106011	-0.0906114055526639	0.254326791544257	0.0674217952590028	-0.112720423766586	0.0420945141371894	-0.177528437032605	0.0308635687968117	0.195865716461931	-0.0925200157059478
V278	0.334599990228907	-0.329379534617426	0.196790657582582	0.103937853164839	-0.168433687253925	0.0795596273227245	-0.311218084775521	-0.202973745106159	-0.0361739921050917	0.0977969230595151
V279	0.652282541091349	0.332983619977739	-0.214173229428597	-0.0314121623908052	-0.300157712231054	0.124834436885802	-0.232026050201361	-0.071544863647558	-0.132386591820789	-0.0303407546788548
V280	0.723375820464857	0.0441230400845143	0.244610742974148	0.122980915488267	-0.142976485902402	-0.121216248820645	0.282991711650115	0.129214069421079	-0.108150458359421	-0.041969649327914
V281	0.556982554988761	0.049353837183804	0.11815240065625	-0.162981266735416	-0.0894980813095509	-0.0162658871279307	-0.045119574083043	-0.0133812349951307	-0.011234365425522	0.0816228008178448
V282	0.251968193049104	0.0170710047411491	0.273607219135705	0.368926320062945	-0.298901745819292	0.263757489004096	0.0324804905788947	-0.0774181336489244	-0.0636453150019698	0.186302718134777
V283	0.268774830571615	0.403569654721631	-0.129501851424474	0.152854369973815	0.278159393143855	0.36568390424835	0.346617763346314	0.450559637886297	-0.178912697264072	0.233317572190754
V284	0.268774830571615	0.403569654721631	-0.129501851424474	0.152854369973815	0.278159393143855	0.36568390424835	0.346617763346314	0.450559637886297	-0.178912697264072	0.233317572190754
V285	0.268774830571615	0.403569654721631	-0.129501851424474	0.152854369973815	0.278159393143855	0.36568390424835	0.346617763346314	0.450559637886297	-0.178912697264072	0.233317572190754
V286	0.268774830571615	0.403569654721631	-0.129501851424474	0.152854369973815	0.278159393143855	0.36568390424835	0.346617763346314	0.450559637886297	-0.178912697264072	0.233317572190754
V287	0.268774830571615	0.403569654721631	-0.129501851424474	0.152854369973815	0.278159393143855	0.36568390424835	0.346617763346314	0.450559637886297	-0.178912697264072	0.233317572190754
V288	0.268774830571615	0.403569654721631	-0.129501851424474	0.152854369973815	0.278159393143855	0.36568390424835	0.346617763346314	0.450559637886297	-0.178912697264072	0.233317572190754
V289	0.382821325555282	-0.0992096353750288	0.114643415531456	0.202158083545848	-0.419820412512199	0.190767536790524	0.0567758706549361	-0.00818226801826578	0.239647144072551	-0.146604617949772
V290	0.240960811395104	0.122141213256655	-0.067947994638403	-0.0232039489421483	0.10701563702106	-0.172081114553641	0.180630613342606	-0.134023790346623	-0.125621624362399	0.255448113690946
V291	0.408202927279075	0.220209976594279	0.217537218475769	-0.0720392562153373	0.0459308843883957	0.154374281405216	-0.111502025562806	0.0702381103198351	-0.174298580524508	0.156292221217478
V292	0.562598481504048	-0.181829557562746	0.226463283951727	0.0975080485167296	0.0736188698677541	0.214715342755364	0.0333070925633756	0.129830895047202	0.301284678896384	-0.00595174174939419
V293	0.731923165296035	-0.489823910659102	-0.00109141231942508	-0.0382757631999755	-0.158849437639249	0.134111046093558	-0.101463187916535	0.149252191732174	0.00766747173283531	0.087960108246804
V294	0.242847738358172	0.205395509769094	-0.143508082506823	-0.208544971372133	-0.0149271374287916	-0.31838336518618	0.119925593812368	-0.0480021651020484	0.377143565911393	-0.119771701847531
V295	0.228258997852173	-0.0943448996701451	0.165333455758236	0.0659079496609058	0.277826899099294	0.235636984330829	-0.0630703337358565	0.187631365587912	-0.0675036770383797	-0.0659631633101193
V296	0.236235176761156	0.188629244064297	0.242210926197164	-0.198056360606261	0.209670727968491	0.227503180748732	-0.131207951358335	-0.0306045095746298	0.0291156665427862	-0.10047741027626
V297	0.191109569560031	-0.2145443598501	-0.0954640118720079	0.454282775492077	-0.346260502812828	-0.277473593853657	0.156511673776008	0.0900346958375552	0.325738129016093	0.0385489349337595
V298	0.191109569560031	-0.2145443598501	-0.0954640118720079	0.454282775492077	-0.346260502812828	-0.277473593853657	0.156511673776008	0.0900346958375552	0.325738129016093	0.0385489349337595
V299	0.191109569560031	-0.2145443598501	-0.0954640118720079	0.454282775492077	-0.346260502812828	-0.277473593853657	0.156511673776008	0.0900346958375552	0.325738129016093	0.0385489349337595
V300	0.259234253422255	0.321540938119999	0.192709034012686	0.144638754601369	0.0706028238656571	-0.114467103268291	-0.064386417660918	0.109257014058049	-0.117662577837836	0.0408270797335301
V301	0.500129295802654	0.0507350058101247	-0.0182451496147832	-0.260740506499574	0.343959475750744	-0.0726487700309164	0.0832812779613707	-0.039916106348444	0.279197667219959	0.0713375856001826
V302	0.107496788634438	-0.00235662230635831	0.0242564125415838	0.250557007089174	0.1356095076136	0.00110436199760313	-0.0553537114277951	-0.158417173791254	-0.155873203229959	0.00107648181876927
V303	0.284236749153666	-0.151454051575723	-0.14074377030912	0.0942834728603675	-0.313963673032815	0.02440506882444	0.0159305016400929	0.225653225831625	0.233304816730781	0.219502006829604
V304	0.383264566063544	0.0426301069163942	0.151667277018879	-0.0179986887958454	0.479405910641164	0.138169754701161	-0.15677806898594	-0.140673828054107	-0.142676429239951	-0.0365008837871659
V305	0.391728071750618	0.308924200559107	0.110889310289227	0.344237213603964	0.0502490605638357	0.194039497352607	-0.0816260067378685	0.0877956110418608	0.0536357148048538	-0.11204792500924
V306	0.391728071750618	0.308924200559107	0.110889310289227	0.344237213603964	0.0502490605638357	0.194039497352607	-0.0816260067378685	0.0877956110418608	0.0536357148048538	-0.11204792500924
V307	0.391728071750618	0.308924200559107	0.110889310289227	0.344237213603964	0.0502490605638357	0.194039497352607	-0.0816260067378685	0.0877956110418608	0.0536357148048538	-0.11204792500924
V308	0.391728071750618	0.308924200559107	0.110889310289227	0.344237213603964	0.0502490605638357	0.194039497352607	-0.0816260067378685	0.0877956110418608	0.0536357148048538	-0.11204792500924
V309	0.488805984054573	0.0219783497657409	0.275577144435045	0.177539774142161	0.0293789420894004	-0.224500421922081	0.00512779999408622	0.180943047855593	0.0359736419983599	-0.0790781082931859
V310	0.139609488006189	0.143115818906827	0.0329075032059342	0.302849610350681	0.299776271693638	-0.235130541970601	-0.206981697661839	-0.125470393248625	0.0576538673869675	0.368940864271911
V311	0.472818347244826	0.294310070747645	0.0759923432157534	0.060113331102706	0.131856088804847	-0.00728094772308378	-0.0647823613215447	0.0560019475527224	-0.0634800417579692	0.0860225111234906
V312	0.70714882103431	0.228447744716457	-0.268483485559949	-0.126471561231441	-0.0485210245123563	0.0793143998984147	-0.17636772827609	-0.130961176056919	-0.26375146993982	0.0404273657287453
V313	0.708491557278774	0.224406387975863	-0.268588667938727	-0.126114390815008	-0.0471725183738825	0.0798861497219653	-0.174000356661609	-0.12940170968464	-0.26586086847592	0.0414153986960473
V314	0.70714882103431	0.228447744716457	-0.268483485559949	-0.126471561231441	-0.0485210245123563	0.0793143998984147	-0.17636772827609	-0.130961176056919	-0.26375146993982	0.0404273657287453
V315	0.334323556952208	0.0132012746211612	0.14988378575709	-0.162137634351787	-0.127655864147408	-0.00398428150191942	0.120139751241627	-0.128909416327799	-0.180449471481941	0.147200964726775
V316	0.67578724733375	0.300511868844214	-0.0758283440797017	0.323049897683905	-0.274714922957106	0.0978656160984944	0.0999360443330309	0.121282368558441	0.0237474002306873	0.0414379277582489
V317	0.475098016947887	0.0566176377012024	0.144313521184734	0.00580631579191041	-0.149428703558444	0.0461818519890293	-0.0846999626580451	0.170838633982332	0.247788241443049	-0.159215341399413
V318	0.475098016947887	0.0566176377012024	0.144313521184734	0.00580631579191041	-0.149428703558444	0.0461818519890293	-0.0846999626580451	0.170838633982332	0.247788241443049	-0.159215341399413
V319	0.586292427095072	-0.540275639220512	-0.0149481638444585	0.0855063513222958	-0.2471557045765	0.335044150352014	-0.0494065429416562	0.0272721658569437	0.0627341395171529	0.0908406603265979
V320	0.308518928274811	0.264040601000806	0.0451430133207786	0.0124339359115015	-0.1427326169597	-0.0911608685342016	-0.184800244970004	0.0210061623747933	0.0469690246100864	-0.117458470085887
V321	0.465617877663527	0.159368059581291	0.154334688399601	0.0444399409624121	-0.376512828463885	0.17814532063691	0.326404342458986	0.124950802845895	0.0395184253486165	0.000232389200139936
V322	0.65638451844933	0.25319201308525	0.406188739460959	0.0491609820523292	0.0385254161098977	0.0316550399669782	0.16785623562877	-0.104307766956635	-0.0452460449388872	-0.105941615859709
V323	0.376143882189273	0.178578688691593	0.358787220075004	-0.0232836970507774	0.181959872391574	-0.0808275317422985	-0.0840301020890817	-0.0281307515330889	0.139410368693077	-0.0888790315650961
V324	0.600012054606485	-0.11958914512439	-0.11958625770689	-0.156473464400807	0.175260081813359	-0.100336618371709	0.0532027891131601	0.020543904684069	-0.196491659514001	-0.244783503574021
V325	0.508657126125181	0.418251121930716	-0.0313988335425738	0.059076895877277	0.0447016368954656	0.241749419742953	-0.204357056080739	0.0459013352113876	0.0732178530076408	0.0308588509059055
V326	0.313401626672613	0.335767509479098	-0.0284193624857178	-0.330760531634662	-0.024700406251938	0.25811552053243	-0.145740894567874	0.0547492254066771	-0.0504715337150373	0.203713049286046
V327	0.8321690417836	0.268098299246957	-0.262171835959158	-0.113559840518097	-0.0264738039342882	-0.124769519818962	-0.218301552874809	0.109395978158376	0.084139922058769	0.0220267134441992
V328	0.339740924812587	0.0689132783439999	-0.242456874761755	-0.2420747106384	0.19653668593811	-0.107987288708792	-0.111492384313839	0.00956817186805778	0.243046643970808	-0.0484788647306389
V329	0.591135214135668	0.482233501359839	0.369865502235868	0.115078879604225	-0.0667408798536071	-0.190874867519676	-0.0936100534387738	-0.140573172809877	-0.144243578745127	0.206266125788636
V330	0.636705275133914	-0.119504535228593	-0.00665313679161355	-0.456901921009144	0.15809580236899	-0.183387113798079	-0.0267591042209848	0.0931453349339684	-0.0766147713442773	0.0309993198790793
V331	0.757882060381535	0.0137769471616135	-0.418666887334587	0.0633073825310973	-0.0378250838050384	-0.181293781555737	0.0929527474926416	-0.142984876201247	0.0573645888891666	-0.0135911809029213
V332	0.478049805488286	-0.442843746630519	0.0656601933746307	-0.07265980933421	0.422650193730577	0.0495832999564816	-0.00346015389346548	0.0404232326751509	0.167235403222092	-0.107226787026907
V333	0.432894236669431	-0.20397175229761	0.174242183188734	-0.39519796935651	0.446005249328577	-0.26107616851493	-0.0406739467409144	0.00386103153350796	0.175579458463315	-0.0337016344045586
